RawVF_Version: 6
Program: Minesweeper Arbiter 
Version: 0.52.3
Player: thefinerminer
Level: Intermediate
Width: 16
Height: 16
Mines: 40
Marks: Off
Time: 25.780
BBBV: 43
BBBVS: 1.667
Timestamp: 23.3.2021.15:57:13:6632
Mode: Classic
Skin: 3.1
RAW_Time: 25.780    
RAW_3BV: 43        
RAW_Solved3BV: 43        
RAW_3BV/s: 1.668     
RAW_ZiNi: 39        
RAW_ZiNi/s: 1.513     
RAW_HZiNi: 40        
RAW_HZiNi/s: 1.551     
RAW_Clicks: 44        
RAW_Clicks/s: 1.707     
RAW_LeftClicks: 28        
RAW_LeftClicks/s: 1.086     
RAW_RightClicks: 7         
RAW_RightClicks/s: 0.271     
RAW_DoubleClicks: 9         
RAW_DoubleClicks/s: 0.349     
RAW_WastedClicks: 1         
RAW_WastedClicks/s: 0.039     
RAW_WastedLeftClicks: 1         
RAW_WastedLeftClicks/s: 0.039     
RAW_WastedRightClicks: 0         
RAW_WastedRightClicks/s: 0.000     
RAW_WastedDoubleClicks: 0         
RAW_WastedDoubleClicks/s: 0.000     
RAW_1.5Clicks: 6         
RAW_1.5Clicks/s: 0.233     
RAW_IOE: 0.977     
RAW_Correctness: 0.977     
RAW_Throughput: 1.000     
RAW_ZNE: 0.886     
RAW_ZNT: 0.907     
RAW_HZNE: 0.909     
RAW_HZNT: 0.930     
RAW_Openings: 9         
RAW_Islands: 13        
RAW_Flags: 7         
RAW_WastedFlags: 0         
RAW_Unflags: 0         
RAW_Misflags: 0         
RAW_Misunflags: 0         
RAW_RilianClicks: 1         
RAW_RilianClicks/s: 0.039     
**00000000000*00
000000*0*0000*00
*00000*00*00000*
0*000****0000000
000000000*000000
000*0000000000*0
000000000000000*
0*0**000000000*0
000000000000*000
000*0000*0000000
000000000000*000
0000000**000*000
*0000*0*00*00000
0*00000000000*00
000*0000*000000*
000000000*000000
Events:
0.000 lc 1 6 (11 90)
Cell pressed 1 6
0.000 lr 1 6 (11 91)
Cell opened (Number 1) 1 5
Cell opened (Number 0) 1 6
Cell opened (Number 1) 1 7
Cell opened (Number 1) 2 5
Cell opened (Number 0) 2 6
Cell opened (Number 1) 2 7
Cell opened (Number 2) 3 5
Cell opened (Number 1) 3 6
Cell opened (Number 3) 3 7
0.000 Solved 3BV: 1 of 43
0.060 mv 1 6 (11 90)
0.090 mv 1 6 (11 89)
0.140 mv 1 6 (11 88)
0.190 mv 1 6 (11 87)
0.200 mv 1 6 (11 86)
0.210 mv 1 6 (11 85)
0.220 mv 1 6 (11 84)
0.230 mv 1 6 (11 83)
0.240 mv 1 6 (11 82)
0.240 mv 1 6 (11 81)
0.270 mv 1 6 (11 80)
0.290 mv 1 5 (11 79)
0.310 mv 1 5 (12 78)
0.320 mv 1 5 (12 77)
0.330 mv 1 5 (12 76)
0.340 mv 1 5 (12 75)
0.350 mv 1 5 (12 73)
0.360 mv 1 5 (13 72)
0.360 mv 1 5 (13 70)
0.370 mv 1 5 (13 69)
0.380 mv 1 5 (14 68)
0.410 mv 1 5 (15 67)
0.430 mv 2 5 (16 67)
0.440 mv 2 5 (16 66)
0.440 mv 2 5 (17 66)
0.450 mv 2 5 (18 65)
0.460 mv 2 5 (18 64)
0.470 mv 2 5 (19 64)
0.480 mv 2 4 (19 63)
0.480 mv 2 4 (20 62)
0.490 mv 2 4 (20 61)
0.500 mv 2 4 (21 61)
0.510 mv 2 4 (21 60)
0.530 mv 2 4 (22 60)
0.550 mv 2 4 (21 59)
0.570 mv 2 4 (22 59)
0.640 rc 2 4 (22 59)
Flag 2 4
0.700 mv 2 4 (22 60)
0.700 lc 2 4 (22 60)
Cell pressed 1 3
Cell pressed 2 3
Cell pressed 3 3
Cell pressed 1 4
Cell pressed 3 4
0.710 mv 2 4 (21 61)
0.720 mv 2 4 (21 63)
0.730 mv 2 5 (21 65)
Cell released 1 3
Cell released 2 3
Cell released 3 3
Cell released 1 4
Cell released 3 4
Cell pressed 1 4
Cell pressed 3 4
0.740 mv 2 5 (20 67)
0.750 mv 2 5 (20 68)
0.750 mv 2 5 (20 69)
0.770 mv 2 5 (20 70)
0.780 mv 2 5 (20 71)
0.790 mv 2 5 (20 72)
0.800 mv 2 5 (21 72)
0.800 lr 2 5 (21 72)
Cell opened (Number 2) 1 4
0.800 Solved 3BV: 2 of 43
Cell opened (Number 1) 3 4
0.810 mv 2 5 (21 73)
0.820 rr 2 5 (21 73)
0.900 mv 2 5 (22 73)
0.920 mv 2 5 (22 74)
0.940 mv 2 5 (23 75)
1.000 mv 2 5 (23 74)
1.060 mv 2 5 (24 75)
1.080 mv 2 5 (25 75)
1.090 mv 2 5 (26 75)
1.100 mv 2 5 (27 74)
1.110 mv 2 5 (28 73)
1.110 mv 2 5 (30 72)
1.120 mv 3 5 (32 70)
1.130 mv 3 5 (33 69)
1.140 mv 3 5 (35 67)
1.150 mv 3 5 (35 65)
1.150 mv 3 5 (37 64)
1.160 mv 3 4 (37 61)
1.170 mv 3 4 (37 59)
1.180 mv 3 4 (37 57)
1.190 mv 3 4 (37 55)
1.190 mv 3 4 (37 54)
1.200 mv 3 4 (37 53)
1.300 mv 3 4 (37 52)
1.320 lc 3 4 (37 52)
1.320 rc 3 4 (37 52)
Cell pressed 2 3
Cell pressed 3 3
Cell pressed 4 3
Cell pressed 4 4
Cell pressed 4 5
1.420 mv 3 4 (37 53)
1.430 lr 3 4 (37 53)
Cell opened (Number 2) 2 3
1.430 Solved 3BV: 3 of 43
Cell opened (Number 1) 3 3
Cell opened (Number 1) 3 1
Cell opened (Number 1) 3 2
Cell opened (Number 0) 4 1
Cell opened (Number 0) 4 2
Cell opened (Number 0) 4 3
Cell opened (Number 0) 4 4
Cell opened (Number 1) 4 5
Cell opened (Number 0) 5 1
Cell opened (Number 0) 5 2
Cell opened (Number 1) 5 3
Cell opened (Number 1) 5 4
Cell opened (Number 2) 5 5
Cell opened (Number 1) 6 1
Cell opened (Number 2) 6 2
Cell opened (Number 4) 6 3
1.430 Solved 3BV: 4 of 43
1.440 mv 3 4 (37 54)
1.440 rr 3 4 (37 54)
1.450 mv 3 4 (37 55)
1.490 mv 3 4 (37 54)
1.530 mv 3 4 (37 53)
1.530 mv 3 4 (36 53)
1.550 mv 3 4 (36 52)
1.570 mv 3 4 (36 51)
1.610 mv 3 4 (35 50)
1.620 mv 3 4 (35 49)
1.630 mv 3 4 (35 48)
1.640 mv 3 3 (35 47)
1.650 mv 3 3 (36 47)
1.660 mv 3 3 (36 46)
1.740 mv 3 3 (36 45)
1.750 mv 3 3 (36 44)
1.760 mv 3 3 (35 44)
1.770 mv 3 3 (35 43)
1.770 mv 3 3 (35 42)
1.780 mv 3 3 (35 41)
1.790 mv 3 3 (34 40)
1.800 mv 3 3 (34 39)
1.810 mv 3 3 (33 37)
1.820 mv 2 3 (31 35)
1.820 mv 2 3 (30 33)
1.830 mv 2 2 (28 30)
1.840 mv 2 2 (27 28)
1.850 mv 2 2 (26 26)
1.860 mv 2 2 (24 25)
1.860 mv 2 2 (24 23)
1.870 mv 2 2 (23 23)
2.030 lc 2 2 (23 23)
Cell pressed 2 2
2.050 mv 2 2 (23 22)
2.090 mv 2 2 (23 23)
2.110 lr 2 2 (23 23)
Cell opened (Number 3) 2 2
2.110 Solved 3BV: 5 of 43
2.120 mv 2 2 (23 24)
2.130 mv 2 2 (22 25)
2.140 mv 2 2 (22 26)
2.150 mv 2 2 (21 26)
2.150 mv 2 2 (20 26)
2.160 mv 2 2 (19 26)
2.180 mv 2 2 (18 26)
2.190 mv 2 2 (17 26)
2.200 mv 2 2 (16 25)
2.210 mv 1 2 (15 25)
2.220 mv 1 2 (14 25)
2.230 mv 1 2 (13 25)
2.240 mv 1 2 (11 25)
2.250 mv 1 2 (11 26)
2.260 mv 1 2 (10 26)
2.270 mv 1 2 (9 26)
2.270 mv 1 2 (8 26)
2.280 mv 1 2 (7 26)
2.280 lc 1 2 (7 26)
Cell pressed 1 2
2.340 mv 1 2 (7 25)
2.360 mv 1 2 (7 26)
2.370 lr 1 2 (7 26)
Cell opened (Number 3) 1 2
2.370 Solved 3BV: 6 of 43
2.400 mv 1 2 (7 25)
2.420 mv 1 2 (7 24)
2.440 mv 1 2 (7 23)
2.520 mv 1 2 (6 23)
2.520 mv 1 2 (7 23)
2.530 mv 1 2 (7 24)
2.560 mv 1 2 (7 25)
2.570 mv 1 2 (7 26)
2.580 mv 1 2 (7 28)
2.590 mv 1 2 (8 29)
2.600 mv 1 2 (8 31)
2.600 mv 1 3 (10 34)
2.610 mv 1 3 (12 37)
2.620 mv 1 3 (15 42)
2.630 mv 2 3 (19 47)
2.640 mv 2 4 (22 52)
2.650 mv 2 4 (26 56)
2.650 mv 2 4 (30 60)
2.660 mv 3 4 (33 63)
2.670 mv 3 5 (36 65)
2.680 mv 3 5 (39 67)
2.690 mv 3 5 (42 69)
2.690 mv 3 5 (45 70)
2.700 mv 4 5 (48 72)
2.710 mv 4 5 (50 73)
2.720 mv 4 5 (52 74)
2.730 mv 4 5 (55 76)
2.730 mv 4 5 (58 77)
2.740 mv 4 5 (61 78)
2.750 mv 5 5 (64 79)
2.760 mv 5 5 (66 79)
2.770 mv 5 6 (68 80)
2.770 mv 5 6 (70 80)
2.780 mv 5 6 (71 80)
2.790 mv 5 5 (71 79)
2.850 mv 5 6 (71 80)
2.870 mv 5 6 (71 81)
2.880 mv 5 6 (71 82)
2.890 mv 5 6 (71 83)
2.890 mv 5 6 (70 84)
2.900 mv 5 6 (70 85)
2.910 mv 5 6 (70 86)
2.920 mv 5 6 (69 87)
2.930 mv 5 6 (68 88)
2.930 mv 5 6 (67 89)
2.940 mv 5 6 (66 89)
2.950 mv 5 6 (65 90)
2.960 mv 4 6 (63 90)
2.970 mv 4 6 (62 90)
2.980 mv 4 6 (62 91)
2.990 mv 4 6 (62 92)
3.000 mv 4 6 (62 93)
3.060 mv 4 6 (62 92)
3.080 mv 4 6 (63 92)
3.100 mv 5 6 (64 92)
3.100 mv 5 6 (65 92)
3.110 mv 5 6 (67 92)
3.120 mv 5 6 (69 92)
3.130 mv 5 6 (70 92)
3.140 mv 5 6 (72 92)
3.140 mv 5 6 (74 92)
3.150 mv 5 6 (76 93)
3.160 mv 5 6 (77 93)
3.170 mv 5 6 (78 93)
3.190 mv 5 6 (79 93)
3.200 mv 6 6 (80 94)
3.210 mv 6 6 (81 94)
3.220 mv 6 6 (83 94)
3.220 mv 6 6 (85 94)
3.230 mv 6 6 (87 95)
3.240 mv 6 6 (88 95)
3.250 mv 6 6 (91 95)
3.260 mv 6 6 (92 95)
3.270 mv 6 6 (94 95)
3.270 mv 6 6 (94 94)
3.280 mv 6 6 (95 94)
3.300 mv 6 6 (95 93)
3.320 mv 6 6 (95 92)
3.350 lc 6 6 (95 92)
Cell pressed 6 6
3.380 mv 6 6 (95 93)
3.400 mv 6 6 (95 94)
3.400 lr 6 6 (95 94)
Cell opened (Number 1) 5 6
Cell opened (Number 3) 5 7
Cell opened (Number 3) 5 9
Cell opened (Number 1) 5 10
Cell opened (Number 1) 5 11
Cell opened (Number 1) 5 12
Cell opened (Number 2) 6 5
Cell opened (Number 0) 6 6
Cell opened (Number 1) 6 7
Cell opened (Number 1) 6 8
Cell opened (Number 1) 6 9
Cell opened (Number 0) 6 10
Cell opened (Number 0) 6 11
Cell opened (Number 1) 6 12
Cell opened (Number 3) 7 5
Cell opened (Number 0) 7 6
Cell opened (Number 0) 7 7
Cell opened (Number 0) 7 8
Cell opened (Number 0) 7 9
Cell opened (Number 0) 7 10
Cell opened (Number 1) 7 11
Cell opened (Number 3) 7 12
Cell opened (Number 3) 8 5
Cell opened (Number 0) 8 6
Cell opened (Number 0) 8 7
Cell opened (Number 0) 8 8
Cell opened (Number 1) 8 9
Cell opened (Number 1) 8 10
Cell opened (Number 3) 8 11
Cell opened (Number 3) 9 5
Cell opened (Number 1) 9 6
Cell opened (Number 0) 9 7
Cell opened (Number 0) 9 8
Cell opened (Number 1) 9 9
Cell opened (Number 1) 10 1
Cell opened (Number 2) 10 2
Cell opened (Number 1) 10 6
Cell opened (Number 0) 10 7
Cell opened (Number 0) 10 8
Cell opened (Number 1) 10 9
Cell opened (Number 1) 10 10
Cell opened (Number 2) 10 11
Cell opened (Number 2) 10 12
Cell opened (Number 0) 11 1
Cell opened (Number 1) 11 2
Cell opened (Number 1) 11 3
Cell opened (Number 2) 11 4
Cell opened (Number 1) 11 5
Cell opened (Number 1) 11 6
Cell opened (Number 0) 11 7
Cell opened (Number 0) 11 8
Cell opened (Number 0) 11 9
Cell opened (Number 0) 11 10
Cell opened (Number 0) 11 11
Cell opened (Number 1) 11 12
Cell opened (Number 0) 12 1
Cell opened (Number 0) 12 2
Cell opened (Number 0) 12 3
Cell opened (Number 0) 12 4
Cell opened (Number 0) 12 5
Cell opened (Number 0) 12 6
Cell opened (Number 0) 12 7
Cell opened (Number 1) 12 8
Cell opened (Number 1) 12 9
Cell opened (Number 2) 12 10
Cell opened (Number 2) 12 11
Cell opened (Number 3) 12 12
Cell opened (Number 2) 13 1
Cell opened (Number 2) 13 2
Cell opened (Number 1) 13 3
Cell opened (Number 0) 13 4
Cell opened (Number 0) 13 5
Cell opened (Number 0) 13 6
Cell opened (Number 0) 13 7
Cell opened (Number 1) 13 8
Cell opened (Number 1) 14 3
Cell opened (Number 0) 14 4
Cell opened (Number 1) 14 5
Cell opened (Number 1) 14 6
Cell opened (Number 2) 14 7
Cell opened (Number 2) 14 8
Cell opened (Number 2) 15 3
Cell opened (Number 1) 15 4
Cell opened (Number 1) 15 5
3.400 Solved 3BV: 7 of 43
3.420 mv 6 6 (94 95)
3.430 mv 6 7 (94 96)
3.430 mv 6 7 (93 96)
3.470 mv 6 6 (93 95)
3.480 mv 6 6 (93 94)
3.480 mv 6 6 (93 93)
3.490 mv 6 6 (93 92)
3.520 mv 6 6 (93 91)
3.530 mv 6 6 (93 90)
3.550 mv 6 6 (93 91)
3.610 mv 6 6 (93 90)
3.760 mv 6 6 (93 89)
3.790 mv 6 6 (93 88)
3.800 mv 6 6 (94 87)
3.810 mv 6 6 (95 86)
3.810 mv 7 6 (97 85)
3.820 mv 7 6 (99 83)
3.830 mv 7 6 (100 81)
3.840 mv 7 5 (102 79)
3.850 mv 7 5 (104 77)
3.850 mv 7 5 (105 74)
3.860 mv 7 5 (106 71)
3.870 mv 7 5 (107 68)
3.880 mv 7 5 (108 66)
3.890 mv 7 5 (109 64)
3.890 mv 7 4 (110 63)
3.900 mv 7 4 (110 61)
3.910 mv 7 4 (111 60)
3.920 mv 7 4 (111 58)
3.930 mv 7 4 (111 57)
3.930 mv 7 4 (111 56)
3.940 mv 7 4 (111 55)
3.950 mv 7 4 (111 54)
3.960 mv 7 4 (111 53)
3.970 mv 7 4 (111 51)
3.970 mv 7 4 (110 49)
3.980 mv 7 4 (110 48)
3.990 mv 7 3 (110 47)
4.000 mv 7 3 (110 46)
4.010 mv 7 3 (109 45)
4.020 mv 7 3 (109 44)
4.050 mv 7 3 (108 44)
4.060 mv 7 3 (108 43)
4.080 mv 7 3 (107 42)
4.090 mv 7 3 (107 41)
4.100 mv 7 3 (106 40)
4.100 mv 7 3 (106 39)
4.110 mv 7 3 (105 38)
4.120 mv 7 3 (104 36)
4.130 mv 7 3 (104 35)
4.140 mv 7 3 (103 34)
4.140 mv 7 3 (103 33)
4.150 mv 7 3 (103 32)
4.180 mv 7 2 (103 31)
4.210 mv 7 2 (104 30)
4.220 mv 7 2 (104 29)
4.220 mv 7 2 (105 28)
4.230 mv 7 2 (106 27)
4.240 mv 7 2 (106 25)
4.250 mv 7 2 (107 23)
4.260 mv 7 2 (107 22)
4.260 mv 7 2 (107 21)
4.270 mv 7 2 (107 20)
4.280 mv 7 2 (107 19)
4.340 mv 7 2 (107 18)
4.350 mv 7 2 (106 17)
4.360 mv 7 2 (106 16)
4.370 mv 7 1 (105 15)
4.380 mv 7 1 (105 14)
4.390 mv 7 1 (104 13)
4.390 mv 7 1 (104 12)
4.430 mv 7 1 (103 11)
4.500 mv 7 1 (104 11)
4.510 mv 7 1 (103 11)
4.520 mv 7 1 (103 10)
4.550 mv 7 1 (103 9)
4.560 mv 7 1 (103 8)
4.580 mv 7 1 (103 7)
4.590 mv 7 1 (104 7)
4.600 mv 7 1 (104 6)
4.610 mv 7 1 (104 5)
4.630 mv 7 1 (104 4)
4.670 lc 7 1 (104 4)
Cell pressed 7 1
4.690 mv 7 1 (104 3)
4.710 mv 7 1 (104 4)
4.730 mv 7 1 (104 5)
4.740 lr 7 1 (104 5)
Cell opened (Number 1) 7 1
4.740 Solved 3BV: 8 of 43
4.740 mv 7 1 (104 7)
4.750 mv 7 1 (105 8)
4.760 mv 7 1 (105 9)
4.780 mv 7 1 (105 10)
4.810 mv 7 1 (105 9)
4.850 mv 7 1 (105 10)
4.850 mv 7 1 (105 11)
4.860 mv 7 1 (105 12)
4.870 mv 7 1 (105 13)
4.890 mv 7 1 (105 14)
4.900 mv 7 1 (105 15)
4.910 mv 7 1 (106 15)
4.950 mv 7 1 (105 15)
4.960 mv 7 2 (105 16)
4.970 mv 7 2 (105 17)
4.980 mv 7 2 (105 18)
5.010 mv 7 2 (105 19)
5.040 mv 7 2 (105 18)
5.080 rc 7 2 (105 18)
Flag 7 2
5.080 mv 7 2 (105 17)
5.090 mv 7 2 (105 16)
5.110 mv 7 1 (105 15)
5.110 mv 7 1 (105 14)
5.120 mv 7 1 (105 13)
5.130 mv 7 1 (105 11)
5.140 mv 7 1 (104 10)
5.150 mv 7 1 (104 9)
5.160 mv 7 1 (104 8)
5.160 lc 7 1 (104 8)
Cell pressed 8 1
Cell pressed 8 2
5.160 mv 7 1 (104 7)
5.240 lr 7 1 (104 7)
Cell opened (Number 2) 8 1
5.240 Solved 3BV: 9 of 43
Cell opened (Number 3) 8 2
5.240 Solved 3BV: 10 of 43
5.250 mv 7 1 (104 8)
5.270 rr 7 1 (104 8)
5.280 mv 7 1 (104 9)
5.360 mv 7 1 (105 9)
5.380 mv 7 1 (106 10)
5.390 mv 7 1 (107 10)
5.410 mv 7 1 (108 10)
5.420 mv 7 1 (110 10)
5.430 mv 7 1 (111 10)
5.430 mv 8 1 (112 10)
5.440 mv 8 1 (113 10)
5.450 mv 8 1 (114 10)
5.460 mv 8 1 (116 10)
5.470 mv 8 1 (117 10)
5.470 mv 8 1 (118 9)
5.480 mv 8 1 (119 9)
5.500 mv 8 1 (120 9)
5.510 mv 8 1 (120 8)
5.560 mv 8 1 (120 7)
5.560 mv 8 1 (120 8)
5.600 mv 8 1 (120 9)
5.610 mv 8 1 (121 10)
5.630 mv 8 1 (122 12)
5.630 mv 8 1 (122 13)
5.640 mv 8 1 (123 14)
5.650 mv 8 1 (124 15)
5.660 mv 8 2 (124 16)
5.670 mv 8 2 (125 17)
5.680 mv 8 2 (126 18)
5.680 mv 8 2 (127 20)
5.690 mv 9 2 (128 21)
5.700 mv 9 2 (128 22)
5.710 mv 9 2 (129 23)
5.720 mv 9 2 (130 23)
5.720 mv 9 2 (130 24)
5.730 mv 9 2 (131 24)
5.760 mv 9 2 (131 25)
5.780 mv 9 2 (131 26)
5.790 mv 9 2 (131 27)
5.800 mv 9 2 (132 28)
5.810 mv 9 2 (132 29)
5.830 mv 9 2 (132 30)
5.840 mv 9 2 (132 31)
5.840 mv 9 3 (133 32)
5.860 mv 9 3 (132 32)
5.870 mv 9 3 (133 33)
5.900 mv 9 3 (133 34)
5.930 mv 9 3 (134 35)
5.950 mv 9 3 (134 36)
5.960 mv 9 3 (134 37)
5.970 mv 9 3 (135 38)
5.970 mv 9 3 (135 40)
5.980 mv 9 3 (136 42)
5.990 mv 9 3 (138 45)
6.000 mv 9 4 (139 48)
6.010 mv 9 4 (141 51)
6.010 mv 9 4 (143 53)
6.020 mv 10 4 (144 55)
6.030 mv 10 4 (145 56)
6.040 mv 10 4 (146 58)
6.050 mv 10 4 (147 59)
6.050 mv 10 4 (148 59)
6.060 mv 10 4 (148 60)
6.070 mv 10 4 (149 61)
6.080 mv 10 4 (150 61)
6.090 mv 10 4 (151 61)
6.130 mv 10 4 (152 61)
6.130 mv 10 4 (152 60)
6.200 lc 10 4 (152 60)
Cell pressed 10 4
6.270 lr 10 4 (152 60)
Cell opened (Number 3) 10 4
6.270 Solved 3BV: 11 of 43
6.280 mv 10 4 (152 61)
6.300 mv 10 4 (151 61)
6.310 mv 10 4 (151 60)
6.320 mv 10 4 (150 59)
6.330 mv 10 4 (149 58)
6.340 mv 10 4 (149 57)
6.350 mv 10 4 (148 56)
6.360 mv 10 4 (147 55)
6.370 mv 10 4 (146 54)
6.380 mv 10 4 (146 53)
6.390 mv 10 4 (145 52)
6.400 mv 10 4 (145 50)
6.400 mv 10 4 (144 49)
6.410 mv 10 4 (144 48)
6.420 mv 9 4 (143 48)
6.430 mv 9 3 (143 47)
6.440 mv 9 3 (142 46)
6.450 mv 9 3 (142 45)
6.460 mv 9 3 (141 44)
6.480 mv 9 3 (141 43)
6.490 mv 9 3 (140 42)
6.490 mv 9 3 (139 41)
6.500 mv 9 3 (139 39)
6.510 mv 9 3 (138 38)
6.520 mv 9 3 (138 37)
6.600 lc 9 3 (138 37)
Cell pressed 9 3
6.620 mv 9 3 (137 37)
6.650 mv 9 3 (137 38)
6.660 mv 9 3 (137 39)
6.670 mv 9 3 (136 39)
6.670 lr 9 3 (136 39)
Cell opened (Number 4) 9 3
6.670 Solved 3BV: 12 of 43
6.680 mv 9 3 (134 40)
6.690 mv 9 3 (133 40)
6.690 mv 9 3 (132 40)
6.700 mv 9 3 (131 40)
6.710 mv 9 3 (130 40)
6.720 mv 9 3 (129 40)
6.730 mv 9 3 (128 40)
6.730 mv 8 3 (126 40)
6.740 mv 8 3 (125 39)
6.750 mv 8 3 (124 39)
6.760 mv 8 3 (123 38)
6.770 mv 8 3 (122 38)
6.770 lc 8 3 (122 38)
Cell pressed 8 3
6.780 mv 8 3 (121 38)
6.860 lr 8 3 (121 38)
Cell opened (Number 6) 8 3
6.860 Solved 3BV: 13 of 43
6.870 mv 8 3 (120 39)
6.880 mv 8 3 (120 40)
6.890 mv 8 3 (119 40)
6.920 mv 8 3 (120 40)
6.930 mv 8 3 (120 39)
6.940 mv 8 3 (120 38)
6.950 mv 8 3 (121 38)
6.960 mv 8 3 (122 36)
6.970 mv 8 3 (123 34)
6.980 mv 8 3 (123 32)
6.980 mv 8 2 (124 30)
6.990 mv 8 2 (125 28)
7.000 mv 8 2 (125 25)
7.010 mv 8 2 (127 22)
7.020 mv 9 2 (128 20)
7.030 mv 9 2 (128 18)
7.030 mv 9 2 (130 18)
7.040 mv 9 2 (130 17)
7.050 mv 9 2 (131 16)
7.130 mv 9 2 (131 17)
7.150 mv 9 2 (132 17)
7.160 mv 9 2 (132 18)
7.170 mv 9 2 (133 18)
7.170 mv 9 2 (133 19)
7.180 mv 9 2 (134 19)
7.190 mv 9 2 (134 20)
7.230 mv 9 2 (135 20)
7.260 mv 9 2 (135 19)
7.280 mv 9 2 (135 18)
7.300 mv 9 2 (135 17)
7.300 mv 9 2 (136 16)
7.310 mv 9 1 (136 15)
7.320 mv 9 1 (136 14)
7.330 mv 9 1 (136 13)
7.340 mv 9 1 (136 12)
7.340 mv 9 1 (136 10)
7.350 mv 9 1 (136 9)
7.370 mv 9 1 (135 8)
7.380 mv 9 1 (135 7)
7.430 lc 9 1 (135 7)
Cell pressed 9 1
7.460 mv 9 1 (135 8)
7.490 mv 9 1 (135 9)
7.490 lr 9 1 (135 9)
Cell opened (Number 1) 9 1
7.490 Solved 3BV: 14 of 43
7.500 mv 9 1 (136 11)
7.510 mv 9 1 (137 12)
7.520 mv 9 1 (138 13)
7.530 mv 9 1 (139 14)
7.550 mv 9 1 (140 14)
7.560 mv 9 1 (141 14)
7.570 mv 10 1 (144 14)
7.580 mv 10 1 (148 15)
7.590 mv 10 2 (153 16)
7.590 mv 10 2 (159 17)
7.600 mv 11 2 (165 18)
7.610 mv 11 2 (172 19)
7.620 mv 12 2 (179 21)
7.630 mv 12 2 (189 23)
7.630 mv 13 2 (200 25)
7.640 mv 14 2 (211 28)
7.650 mv 14 2 (222 30)
7.660 mv 15 3 (232 32)
7.670 mv 16 3 (240 34)
7.670 mv 16 3 (246 34)
7.680 mv 16 3 (252 35)
7.690 mv 16 3 (255 35)
7.820 mv 16 3 (254 43)
7.830 mv 16 3 (251 46)
7.840 mv 16 4 (247 48)
7.840 mv 16 4 (244 51)
7.850 mv 16 4 (241 53)
7.860 mv 15 4 (238 56)
7.870 mv 15 4 (235 58)
7.880 mv 15 4 (232 61)
7.880 mv 15 5 (230 64)
7.890 mv 15 5 (228 68)
7.900 mv 15 5 (225 71)
7.910 mv 15 5 (224 74)
7.920 mv 15 5 (224 76)
7.920 mv 15 5 (224 78)
7.960 mv 15 5 (224 77)
8.010 mv 15 5 (224 78)
8.030 mv 15 5 (225 78)
8.040 mv 15 5 (225 79)
8.040 mv 15 6 (226 80)
8.050 mv 15 6 (227 81)
8.060 mv 15 6 (228 83)
8.070 mv 15 6 (229 85)
8.080 mv 15 6 (231 87)
8.080 mv 15 6 (233 90)
8.090 mv 15 6 (234 92)
8.100 mv 15 6 (235 94)
8.110 mv 15 6 (236 95)
8.170 mv 15 6 (236 94)
8.250 mv 15 6 (236 93)
8.270 mv 15 6 (236 92)
8.290 rc 15 6 (236 92)
Flag 15 6
8.290 mv 15 6 (236 91)
8.300 mv 15 6 (236 89)
8.310 mv 15 6 (235 87)
8.320 mv 15 6 (235 85)
8.330 mv 15 6 (235 84)
8.340 mv 15 6 (234 82)
8.340 mv 15 6 (234 80)
8.350 mv 15 5 (233 78)
8.360 mv 15 5 (233 76)
8.360 lc 15 5 (233 76)
Cell pressed 16 4
Cell pressed 16 5
Cell pressed 16 6
8.370 mv 15 5 (232 75)
8.380 mv 15 5 (232 74)
8.400 mv 15 5 (232 73)
8.440 mv 15 5 (232 74)
8.500 lr 15 5 (232 74)
Cell opened (Number 1) 16 4
8.500 Solved 3BV: 15 of 43
Cell opened (Number 1) 16 5
8.500 Solved 3BV: 16 of 43
Cell opened (Number 2) 16 6
8.500 Solved 3BV: 17 of 43
8.500 mv 15 5 (232 75)
8.510 rr 15 5 (232 75)
8.520 mv 15 5 (233 75)
8.540 mv 15 5 (234 75)
8.540 mv 15 5 (235 73)
8.550 mv 15 5 (237 72)
8.560 mv 15 5 (238 70)
8.570 mv 16 5 (240 69)
8.570 mv 16 5 (241 66)
8.580 mv 16 5 (243 64)
8.590 mv 16 4 (244 62)
8.600 mv 16 4 (245 59)
8.610 mv 16 4 (246 57)
8.610 mv 16 4 (247 53)
8.620 mv 16 4 (248 50)
8.630 mv 16 3 (250 47)
8.640 mv 16 3 (251 44)
8.650 mv 16 3 (251 40)
8.660 mv 16 3 (251 38)
8.660 mv 16 3 (252 35)
8.670 mv 16 3 (252 32)
8.680 mv 16 2 (253 29)
8.690 mv 16 2 (253 26)
8.700 mv 16 2 (253 24)
8.700 mv 16 2 (253 22)
8.710 mv 16 2 (253 21)
8.720 mv 16 2 (253 20)
8.730 mv 16 2 (253 19)
8.740 mv 16 2 (252 18)
8.740 mv 16 2 (252 17)
8.750 mv 16 2 (252 16)
8.770 mv 16 1 (252 14)
8.780 mv 16 1 (251 13)
8.780 mv 16 1 (251 11)
8.790 mv 16 1 (250 10)
8.800 mv 16 1 (249 8)
8.810 mv 16 1 (248 7)
8.820 mv 16 1 (248 6)
8.820 mv 16 1 (247 5)
8.830 mv 16 1 (247 4)
8.850 mv 16 1 (247 3)
8.860 mv 16 1 (247 2)
8.890 mv 16 1 (246 2)
8.950 mv 16 1 (246 1)
8.960 lc 16 1 (246 1)
Cell pressed 16 1
8.990 mv 16 1 (246 2)
9.010 lr 16 1 (246 2)
Cell opened (Number 2) 15 1
Cell opened (Number 3) 15 2
Cell opened (Number 0) 16 1
Cell opened (Number 1) 16 2
9.010 Solved 3BV: 18 of 43
9.020 mv 16 1 (246 3)
9.030 mv 16 1 (246 4)
9.030 mv 16 1 (247 5)
9.040 mv 16 1 (247 6)
9.050 mv 16 1 (247 7)
9.060 mv 16 1 (247 8)
9.080 mv 16 1 (247 7)
9.110 mv 16 1 (247 6)
9.140 mv 16 1 (247 5)
9.240 mv 16 1 (247 6)
9.270 mv 16 1 (247 7)
9.280 mv 16 1 (247 9)
9.280 mv 16 1 (248 11)
9.290 mv 16 1 (248 13)
9.300 mv 16 2 (248 16)
9.310 mv 16 2 (248 19)
9.320 mv 16 2 (248 23)
9.320 mv 16 2 (248 27)
9.330 mv 16 3 (248 32)
9.340 mv 16 3 (248 36)
9.350 mv 16 3 (249 42)
9.360 mv 16 3 (249 47)
9.360 mv 16 4 (248 53)
9.370 mv 16 4 (247 58)
9.380 mv 16 4 (246 62)
9.390 mv 16 5 (244 66)
9.400 mv 16 5 (243 70)
9.400 mv 16 5 (242 74)
9.410 mv 16 5 (241 78)
9.420 mv 16 6 (241 81)
9.430 mv 16 6 (240 85)
9.440 mv 16 6 (240 87)
9.440 mv 15 6 (239 90)
9.450 mv 15 6 (239 92)
9.460 mv 15 6 (239 93)
9.470 mv 15 6 (239 94)
9.480 mv 15 6 (238 94)
9.490 mv 15 6 (238 95)
9.500 mv 15 7 (238 96)
9.510 mv 15 7 (237 97)
9.520 mv 15 7 (236 98)
9.530 mv 15 7 (236 99)
9.530 mv 15 7 (235 101)
9.540 mv 15 7 (235 102)
9.550 mv 15 7 (234 103)
9.560 mv 15 7 (234 104)
9.570 mv 15 7 (234 106)
9.580 mv 15 7 (233 107)
9.590 mv 15 7 (233 109)
9.600 mv 15 7 (233 110)
9.610 mv 15 7 (233 111)
9.620 mv 15 8 (233 112)
9.640 mv 15 8 (232 113)
9.660 mv 15 8 (232 114)
9.810 mv 15 8 (232 115)
9.820 mv 15 8 (233 116)
9.830 mv 15 8 (234 117)
9.840 mv 15 8 (234 118)
9.850 mv 15 8 (234 119)
9.860 mv 15 8 (235 120)
9.870 mv 15 8 (235 121)
9.890 mv 15 8 (235 122)
9.950 mv 15 8 (236 123)
9.960 mv 15 8 (237 124)
9.980 mv 15 8 (238 124)
10.010 mv 15 8 (239 124)
10.020 mv 16 8 (240 124)
10.030 mv 16 8 (241 124)
10.040 mv 16 8 (241 123)
10.040 mv 16 8 (243 123)
10.050 mv 16 8 (244 122)
10.060 mv 16 8 (244 121)
10.070 mv 16 8 (246 121)
10.080 mv 16 8 (247 121)
10.090 mv 16 8 (248 121)
10.120 mv 16 8 (248 120)
10.160 mv 16 8 (248 119)
10.170 mv 16 8 (249 119)
10.180 lc 16 8 (249 119)
Cell pressed 16 8
10.190 mv 16 8 (249 118)
10.190 mv 16 8 (248 118)
10.200 mv 16 8 (249 118)
10.250 lr 16 8 (249 118)
Cell opened (Number 2) 16 8
10.250 Solved 3BV: 19 of 43
10.260 mv 16 8 (249 119)
10.270 mv 16 8 (249 120)
10.280 mv 16 8 (250 121)
10.280 mv 16 8 (251 122)
10.300 mv 16 8 (250 122)
10.310 mv 16 8 (250 121)
10.320 mv 16 8 (249 120)
10.360 mv 16 8 (248 120)
10.360 mv 16 8 (248 119)
10.370 mv 16 8 (247 120)
10.390 mv 16 8 (245 120)
10.400 mv 16 8 (243 120)
10.400 mv 16 8 (242 120)
10.410 mv 16 8 (241 121)
10.420 mv 15 8 (239 121)
10.440 mv 15 8 (238 121)
10.440 mv 15 8 (237 121)
10.610 mv 15 8 (236 120)
10.640 mv 15 8 (235 119)
10.650 mv 15 8 (235 118)
10.660 mv 15 8 (234 118)
10.690 mv 15 8 (234 117)
10.700 mv 15 8 (234 116)
10.710 mv 15 8 (233 115)
10.720 mv 15 8 (233 114)
10.730 mv 15 8 (233 113)
10.730 mv 15 7 (232 111)
10.740 mv 15 7 (232 110)
10.750 mv 15 7 (232 108)
10.760 mv 15 7 (231 107)
10.770 mv 15 7 (232 105)
10.770 mv 15 7 (232 104)
10.780 mv 15 7 (232 103)
10.790 mv 15 7 (232 101)
10.800 mv 15 7 (231 101)
10.810 mv 15 7 (231 100)
10.830 lc 15 7 (231 100)
Cell pressed 15 7
10.860 mv 15 7 (231 101)
10.890 mv 15 7 (231 102)
10.900 mv 15 7 (231 103)
10.900 lr 15 7 (231 103)
Cell opened (Number 3) 15 7
10.900 Solved 3BV: 20 of 43
10.900 mv 15 7 (232 104)
10.910 mv 15 7 (232 105)
10.920 mv 15 7 (233 106)
10.930 mv 15 7 (233 107)
11.030 mv 15 7 (233 108)
11.040 mv 15 7 (233 109)
11.050 mv 15 7 (233 110)
11.060 mv 15 7 (233 111)
11.080 mv 15 8 (233 112)
11.090 mv 15 8 (233 113)
11.100 mv 15 8 (233 114)
11.120 mv 15 8 (233 115)
11.140 mv 15 8 (233 116)
11.150 mv 15 8 (233 118)
11.150 mv 15 8 (233 119)
11.160 mv 15 8 (233 120)
11.170 mv 15 8 (233 121)
11.180 mv 15 8 (233 122)
11.190 mv 15 8 (232 122)
11.200 mv 15 8 (232 123)
11.230 mv 15 8 (232 124)
11.230 mv 15 8 (232 125)
11.240 mv 15 8 (231 126)
11.250 mv 15 8 (231 127)
11.260 mv 15 9 (231 128)
11.270 mv 15 9 (231 129)
11.290 mv 15 9 (231 130)
11.300 mv 15 9 (231 131)
11.310 mv 15 9 (231 132)
11.310 mv 15 9 (231 133)
11.320 mv 15 9 (231 134)
11.330 mv 15 9 (231 135)
11.350 mv 15 9 (231 136)
11.360 mv 15 9 (231 137)
11.410 mv 15 9 (231 138)
11.430 mv 15 9 (231 139)
11.470 mv 15 9 (230 139)
11.480 lc 15 9 (230 139)
Cell pressed 15 9
11.480 mv 15 9 (230 140)
11.550 mv 15 9 (230 141)
11.550 lr 15 9 (230 141)
Cell opened (Number 1) 15 9
11.570 mv 15 9 (230 142)
11.600 mv 15 9 (230 141)
11.610 mv 15 9 (230 140)
11.630 mv 15 9 (230 139)
11.650 mv 15 9 (230 138)
11.660 mv 15 9 (231 137)
11.670 mv 15 9 (231 136)
11.690 mv 15 9 (231 135)
11.690 mv 15 9 (232 134)
11.700 mv 15 9 (232 133)
11.710 mv 15 9 (232 132)
11.720 mv 15 9 (233 132)
11.730 mv 15 9 (233 131)
11.730 mv 15 9 (233 130)
11.750 mv 15 9 (233 129)
11.760 mv 15 9 (233 128)
11.770 mv 15 9 (234 128)
11.820 mv 15 8 (234 127)
11.820 mv 15 8 (234 126)
11.830 mv 15 8 (235 126)
11.840 mv 15 8 (235 125)
11.850 mv 15 8 (236 124)
11.850 mv 15 8 (236 123)
11.860 mv 15 8 (236 122)
11.870 mv 15 8 (236 120)
11.880 mv 15 8 (237 119)
11.890 mv 15 8 (237 117)
11.890 mv 15 8 (237 116)
11.900 mv 15 8 (237 115)
11.910 mv 15 8 (237 114)
11.940 mv 15 8 (237 115)
11.950 mv 15 8 (236 115)
12.010 mv 15 8 (236 116)
12.030 mv 15 8 (236 117)
12.150 rc 15 8 (236 117)
Flag 15 8
12.160 mv 15 8 (236 118)
12.160 mv 15 8 (236 119)
12.170 mv 15 8 (235 120)
12.180 mv 15 8 (235 122)
12.190 mv 15 8 (235 124)
12.200 mv 15 8 (235 126)
12.200 mv 15 9 (234 128)
12.210 mv 15 9 (234 131)
12.220 mv 15 9 (233 133)
12.220 lc 15 9 (233 133)
Cell pressed 14 9
Cell pressed 16 9
Cell pressed 14 10
Cell pressed 15 10
Cell pressed 16 10
12.230 mv 15 9 (233 134)
12.240 mv 15 9 (233 135)
12.290 mv 15 9 (233 136)
12.350 mv 15 9 (233 137)
12.360 lr 15 9 (233 137)
Cell opened (Number 2) 14 9
Cell opened (Number 1) 16 9
Cell opened (Number 2) 14 10
Cell opened (Number 2) 14 11
Cell opened (Number 2) 14 12
Cell opened (Number 2) 14 13
Cell opened (Number 0) 15 10
Cell opened (Number 0) 15 11
Cell opened (Number 0) 15 12
Cell opened (Number 1) 15 13
Cell opened (Number 2) 15 14
Cell opened (Number 0) 16 10
Cell opened (Number 0) 16 11
Cell opened (Number 0) 16 12
Cell opened (Number 0) 16 13
Cell opened (Number 1) 16 14
12.360 Solved 3BV: 21 of 43
12.360 rr 15 9 (233 137)
12.370 mv 15 9 (234 138)
12.370 mv 15 9 (235 139)
12.380 mv 15 9 (235 140)
12.400 mv 15 9 (236 140)
12.480 mv 15 9 (236 141)
12.520 mv 15 9 (235 141)
12.530 mv 15 9 (235 142)
12.570 mv 15 9 (234 142)
12.580 mv 15 9 (233 142)
12.590 mv 15 9 (232 143)
12.600 mv 15 10 (231 145)
12.600 mv 15 10 (229 146)
12.610 mv 15 10 (228 146)
12.620 mv 15 10 (226 147)
12.630 mv 15 10 (225 148)
12.640 mv 15 10 (224 148)
12.640 mv 14 10 (223 148)
12.660 mv 14 10 (222 148)
12.670 mv 14 10 (222 149)
12.680 mv 14 10 (221 149)
12.680 mv 14 10 (220 149)
12.690 mv 14 10 (219 149)
12.700 mv 14 10 (219 150)
12.710 mv 14 10 (218 150)
12.720 mv 14 10 (217 150)
12.720 mv 14 10 (216 150)
12.730 mv 14 10 (215 150)
12.740 mv 14 10 (214 150)
12.750 mv 14 10 (212 149)
12.760 mv 14 10 (211 149)
12.770 mv 14 10 (210 149)
12.770 mv 14 10 (208 148)
12.780 mv 13 10 (207 148)
12.790 mv 13 10 (206 148)
12.800 mv 13 10 (205 148)
12.810 mv 13 10 (204 148)
12.820 mv 13 10 (203 149)
12.830 mv 13 10 (202 149)
12.840 mv 13 10 (202 150)
12.850 mv 13 10 (201 151)
12.870 mv 13 10 (200 151)
12.880 lc 13 10 (200 151)
Cell pressed 13 10
12.920 mv 13 10 (200 150)
12.930 mv 13 10 (200 151)
12.960 lr 13 10 (200 151)
Cell opened (Number 2) 13 10
12.960 Solved 3BV: 22 of 43
12.970 mv 13 10 (201 152)
12.980 mv 13 10 (202 154)
12.990 mv 13 10 (203 155)
13.000 mv 13 10 (203 157)
13.020 mv 13 10 (201 157)
13.020 mv 13 10 (200 158)
13.030 mv 13 11 (200 160)
13.040 mv 13 11 (200 161)
13.050 mv 13 11 (201 162)
13.060 mv 13 11 (201 164)
13.070 mv 13 11 (201 165)
13.070 mv 13 11 (200 166)
13.080 mv 13 11 (200 168)
13.090 mv 13 11 (199 168)
13.100 mv 13 11 (198 169)
13.100 mv 13 11 (197 170)
13.110 mv 13 11 (195 172)
13.120 mv 13 11 (193 173)
13.130 mv 13 11 (192 174)
13.140 mv 12 11 (190 174)
13.140 mv 12 11 (189 175)
13.150 mv 12 11 (187 175)
13.160 mv 12 12 (185 176)
13.170 mv 12 12 (183 177)
13.180 mv 12 12 (181 177)
13.190 mv 12 12 (179 178)
13.190 mv 12 12 (178 179)
13.200 mv 12 12 (177 180)
13.210 mv 12 12 (176 181)
13.220 mv 11 12 (175 182)
13.220 mv 11 12 (174 183)
13.230 mv 11 12 (173 184)
13.240 mv 11 12 (171 185)
13.250 mv 11 12 (169 185)
13.260 mv 11 12 (167 185)
13.260 mv 11 12 (165 185)
13.270 mv 11 12 (164 185)
13.280 mv 11 12 (163 185)
13.310 mv 11 12 (162 186)
13.330 mv 11 12 (162 187)
13.340 mv 11 12 (163 187)
13.350 mv 11 12 (163 188)
13.350 mv 11 12 (163 189)
13.390 mv 11 12 (162 189)
13.400 mv 11 12 (162 188)
13.410 mv 11 12 (161 187)
13.420 mv 10 12 (159 186)
13.430 mv 10 12 (157 184)
13.430 mv 10 12 (155 182)
13.440 mv 10 12 (154 180)
13.450 mv 10 12 (152 179)
13.460 mv 10 12 (151 178)
13.470 mv 10 12 (151 177)
13.470 mv 10 12 (150 177)
13.480 mv 10 12 (150 176)
13.490 mv 10 12 (149 176)
13.520 mv 10 12 (149 177)
13.550 mv 10 12 (148 177)
13.550 mv 10 12 (147 177)
13.570 mv 10 12 (146 178)
13.590 mv 10 12 (146 179)
13.600 mv 10 12 (145 179)
13.600 mv 10 12 (145 180)
13.610 mv 10 12 (144 180)
13.620 mv 9 12 (143 180)
13.630 mv 9 12 (142 180)
13.640 mv 9 12 (141 179)
13.640 mv 9 12 (139 178)
13.650 mv 9 12 (137 176)
13.660 mv 9 11 (135 175)
13.670 mv 9 11 (133 173)
13.680 mv 9 11 (132 172)
13.680 mv 9 11 (131 170)
13.690 mv 9 11 (130 169)
13.700 mv 9 11 (129 168)
13.710 mv 9 11 (128 167)
13.720 mv 8 11 (127 165)
13.720 mv 8 11 (127 163)
13.730 mv 8 11 (126 162)
13.740 mv 8 11 (125 161)
13.750 mv 8 11 (125 160)
13.780 mv 8 10 (125 159)
13.800 mv 8 11 (126 160)
13.830 lc 8 11 (126 160)
13.970 mv 8 11 (127 161)
13.980 lr 8 11 (127 161)
13.990 mv 9 11 (128 162)
13.990 mv 9 11 (130 164)
14.000 mv 9 11 (131 166)
14.010 mv 9 11 (133 168)
14.020 mv 9 11 (134 169)
14.030 mv 9 11 (135 170)
14.030 mv 9 11 (135 172)
14.040 mv 9 11 (137 173)
14.050 mv 9 11 (138 174)
14.060 mv 9 11 (139 175)
14.070 mv 9 12 (139 176)
14.070 mv 9 12 (140 177)
14.080 mv 9 12 (140 178)
14.090 mv 9 12 (141 180)
14.100 mv 9 12 (142 182)
14.110 mv 10 12 (144 184)
14.120 mv 10 12 (145 186)
14.120 mv 10 12 (146 187)
14.130 mv 10 12 (147 189)
14.140 mv 10 12 (147 190)
14.150 mv 10 12 (148 191)
14.160 mv 10 13 (149 193)
14.170 mv 10 13 (149 194)
14.180 mv 10 13 (150 195)
14.190 mv 10 13 (151 196)
14.200 mv 10 13 (152 198)
14.200 mv 10 13 (154 199)
14.210 mv 10 13 (155 201)
14.220 mv 10 13 (156 202)
14.230 mv 10 13 (157 202)
14.240 mv 10 13 (158 203)
14.240 mv 10 13 (159 203)
14.250 mv 11 13 (160 202)
14.260 mv 11 13 (160 201)
14.270 mv 11 13 (161 201)
14.280 mv 11 13 (161 200)
14.280 mv 11 13 (161 199)
14.350 mv 11 13 (162 200)
14.380 mv 11 13 (161 199)
14.430 mv 11 13 (162 200)
14.480 rc 11 13 (162 200)
Flag 11 13
14.490 mv 11 13 (162 199)
14.520 mv 11 13 (162 198)
14.530 mv 11 13 (163 197)
14.540 mv 11 13 (164 195)
14.550 mv 11 13 (165 193)
14.550 mv 11 12 (166 190)
14.560 lc 11 12 (166 190)
Cell pressed 10 13
Cell pressed 12 13
14.560 mv 11 12 (166 188)
14.570 mv 11 12 (167 185)
14.580 mv 11 12 (167 183)
14.590 mv 11 12 (168 182)
14.590 mv 11 12 (168 181)
14.610 mv 11 12 (168 182)
14.640 mv 11 12 (168 183)
14.650 lr 11 12 (168 183)
Cell opened (Number 2) 10 13
14.650 Solved 3BV: 23 of 43
Cell opened (Number 2) 12 13
14.650 Solved 3BV: 24 of 43
14.660 mv 11 12 (167 184)
14.670 rr 11 12 (167 184)
14.680 mv 11 12 (167 185)
14.680 mv 11 12 (168 186)
14.690 mv 11 12 (168 187)
14.740 mv 11 12 (167 187)
14.770 mv 11 12 (166 187)
14.780 mv 11 12 (165 186)
14.790 mv 11 12 (164 186)
14.800 mv 11 12 (162 184)
14.800 mv 11 12 (161 184)
14.810 mv 10 12 (159 182)
14.820 mv 10 12 (157 181)
14.830 mv 10 12 (155 179)
14.840 mv 10 12 (152 178)
14.840 mv 10 12 (150 177)
14.850 mv 10 12 (148 176)
14.860 mv 10 11 (147 175)
14.870 mv 10 11 (145 174)
14.880 mv 10 11 (144 174)
14.880 mv 9 11 (143 174)
14.900 mv 9 11 (142 174)
14.920 mv 9 11 (141 175)
14.930 mv 9 12 (141 176)
15.010 mv 9 11 (141 175)
15.090 mv 9 12 (141 176)
15.090 mv 9 12 (142 178)
15.100 mv 9 12 (142 180)
15.110 mv 9 12 (142 181)
15.120 mv 9 12 (142 182)
15.130 mv 9 12 (142 183)
15.140 mv 9 12 (142 184)
15.150 mv 9 12 (141 185)
15.170 mv 9 12 (140 186)
15.180 mv 9 12 (139 187)
15.210 mv 9 12 (139 188)
15.220 mv 9 12 (139 187)
15.350 mv 9 12 (139 186)
15.370 mv 9 12 (138 185)
15.380 mv 9 12 (138 184)
15.400 mv 9 12 (138 183)
15.460 rc 9 12 (138 183)
Flag 9 12
15.510 mv 9 12 (138 184)
15.520 mv 9 12 (139 185)
15.520 lc 9 12 (139 185)
Cell pressed 9 11
Cell pressed 8 12
Cell pressed 8 13
Cell pressed 9 13
15.530 mv 9 12 (140 187)
15.530 mv 9 12 (141 189)
15.540 mv 9 12 (142 190)
15.550 mv 9 12 (143 191)
15.560 mv 10 13 (144 192)
Cell released 9 11
Cell released 8 12
Cell released 8 13
Cell released 9 13
Cell pressed 9 13
Cell pressed 9 14
Cell pressed 10 14
Cell pressed 11 14
15.590 mv 10 13 (145 193)
15.610 mv 10 13 (146 194)
15.610 mv 10 13 (146 195)
15.620 mv 10 13 (146 196)
15.630 mv 10 13 (147 196)
15.640 mv 10 13 (147 197)
15.750 mv 10 13 (147 198)
15.760 mv 10 13 (148 198)
15.790 mv 10 13 (148 199)
15.800 rr 10 13 (148 199)
Cell released 9 13
Cell released 9 14
Cell released 10 14
Cell released 11 14
Cell opened (Number 3) 9 13
15.800 Solved 3BV: 25 of 43
Cell opened (Number 2) 9 14
15.800 Solved 3BV: 26 of 43
Cell opened (Number 2) 10 14
15.800 Solved 3BV: 27 of 43
Cell opened (Number 1) 11 14
15.810 lr 10 13 (148 199)
15.860 mv 10 13 (148 198)
15.870 mv 10 13 (147 197)
15.890 mv 10 13 (146 196)
15.900 mv 10 13 (145 194)
15.900 mv 10 13 (145 193)
15.910 mv 10 13 (144 192)
15.920 mv 9 12 (143 190)
15.930 mv 9 12 (142 188)
15.940 mv 9 12 (142 186)
15.940 mv 9 12 (141 183)
15.950 mv 9 12 (140 181)
15.960 mv 9 12 (139 179)
15.970 mv 9 12 (138 177)
15.980 mv 9 12 (138 176)
15.980 mv 9 11 (138 175)
15.990 mv 9 11 (137 174)
16.020 mv 9 11 (137 173)
16.030 mv 9 11 (137 172)
16.060 mv 9 11 (137 171)
16.090 mv 9 11 (137 170)
16.090 mv 9 11 (136 170)
16.110 mv 9 11 (136 169)
16.160 lc 9 11 (136 169)
Cell pressed 9 11
16.230 mv 9 11 (136 170)
16.240 lr 9 11 (136 170)
Cell opened (Number 3) 9 11
16.240 Solved 3BV: 28 of 43
16.250 mv 9 11 (137 171)
16.270 mv 9 11 (137 172)
16.270 mv 9 11 (137 173)
16.280 mv 9 11 (137 174)
16.290 mv 9 11 (138 175)
16.300 mv 9 12 (139 176)
16.320 mv 9 12 (139 177)
16.320 mv 9 12 (139 179)
16.330 mv 9 12 (139 180)
16.340 mv 9 12 (139 181)
16.350 mv 9 12 (139 182)
16.360 mv 9 12 (138 183)
16.360 mv 9 12 (138 184)
16.370 mv 9 12 (138 185)
16.380 mv 9 12 (137 186)
16.390 mv 9 12 (137 188)
16.400 mv 9 12 (137 189)
16.420 mv 9 12 (136 190)
16.440 mv 9 12 (135 190)
16.440 mv 9 12 (134 190)
16.450 mv 9 12 (132 189)
16.460 mv 9 12 (129 189)
16.470 mv 8 12 (127 188)
16.480 mv 8 12 (124 187)
16.480 mv 8 12 (121 185)
16.490 mv 8 12 (117 183)
16.500 mv 8 12 (113 181)
16.510 mv 7 12 (109 178)
16.520 mv 7 11 (105 175)
16.520 mv 7 11 (102 173)
16.530 mv 7 11 (99 171)
16.540 mv 7 11 (97 170)
16.550 mv 6 11 (95 169)
16.560 mv 6 11 (94 169)
16.570 mv 6 11 (93 168)
16.580 mv 6 11 (92 167)
16.630 mv 6 11 (92 166)
16.640 mv 6 11 (91 165)
16.650 mv 6 11 (89 163)
16.660 mv 6 11 (87 161)
16.670 mv 6 10 (84 158)
16.670 mv 6 10 (81 154)
16.680 mv 5 10 (78 151)
16.690 mv 5 10 (76 148)
16.700 mv 5 10 (74 146)
16.710 mv 5 9 (72 143)
16.710 mv 5 9 (70 141)
16.720 mv 5 9 (69 139)
16.730 mv 5 9 (68 138)
16.740 mv 5 9 (66 137)
16.750 mv 5 9 (65 136)
16.760 mv 5 9 (65 137)
16.880 mv 5 9 (64 137)
16.890 mv 5 9 (64 138)
16.900 mv 4 9 (63 138)
16.900 mv 4 9 (63 139)
16.930 mv 4 9 (62 139)
16.940 mv 4 9 (62 140)
16.940 mv 4 9 (61 140)
16.950 mv 4 9 (60 140)
16.970 mv 4 9 (59 141)
16.980 mv 4 9 (58 142)
16.990 mv 4 9 (57 142)
17.000 mv 4 9 (57 143)
17.010 mv 4 10 (57 144)
17.020 mv 4 10 (57 146)
17.020 mv 4 10 (56 147)
17.030 mv 4 10 (56 148)
17.040 mv 4 10 (55 150)
17.050 mv 4 10 (55 151)
17.060 mv 4 10 (55 152)
17.060 mv 4 10 (55 153)
17.120 mv 4 10 (55 152)
17.180 mv 4 10 (55 151)
17.220 mv 4 10 (56 151)
17.220 rc 4 10 (56 151)
Flag 4 10
17.250 mv 4 10 (57 151)
17.250 mv 4 10 (58 152)
17.260 mv 4 10 (59 152)
17.270 mv 4 10 (60 153)
17.280 mv 4 10 (62 154)
17.290 lc 4 10 (62 154)
Cell pressed 3 9
Cell pressed 4 9
Cell pressed 3 10
Cell pressed 3 11
Cell pressed 4 11
17.290 mv 5 10 (64 155)
Cell released 3 9
Cell released 4 9
Cell released 3 10
Cell released 3 11
Cell released 4 11
Cell pressed 4 9
Cell pressed 4 11
17.300 mv 5 10 (66 156)
17.310 mv 5 10 (67 157)
17.320 mv 5 10 (68 159)
17.330 mv 5 11 (69 160)
Cell released 4 9
Cell released 4 11
Cell pressed 4 11
Cell pressed 4 12
17.330 mv 5 11 (70 161)
17.340 mv 5 11 (71 162)
17.350 mv 5 11 (71 163)
17.380 mv 5 11 (71 164)
17.400 mv 5 11 (71 165)
17.410 mv 5 11 (72 165)
17.430 mv 5 11 (72 166)
17.450 lr 5 11 (72 166)
Cell opened (Number 1) 4 11
Cell opened (Number 1) 1 9
Cell opened (Number 0) 1 10
Cell opened (Number 0) 1 11
Cell opened (Number 1) 1 12
Cell opened (Number 1) 2 9
Cell opened (Number 0) 2 10
Cell opened (Number 0) 2 11
Cell opened (Number 1) 2 12
Cell opened (Number 2) 2 13
Cell opened (Number 3) 3 9
Cell opened (Number 1) 3 10
Cell opened (Number 1) 3 11
Cell opened (Number 0) 3 12
Cell opened (Number 1) 3 13
Cell opened (Number 2) 3 14
Cell opened (Number 0) 4 12
Cell opened (Number 0) 4 13
Cell opened (Number 1) 4 14
Cell opened (Number 1) 5 13
Cell opened (Number 2) 5 14
17.450 Solved 3BV: 29 of 43
17.450 rr 5 11 (72 166)
17.460 mv 5 11 (72 167)
17.470 mv 5 11 (73 167)
17.570 mv 5 11 (72 167)
17.640 mv 5 11 (71 167)
17.680 mv 5 11 (70 167)
17.690 mv 5 11 (67 167)
17.700 mv 5 11 (66 167)
17.710 mv 5 11 (64 167)
17.720 mv 4 11 (63 167)
17.720 mv 4 11 (62 167)
17.730 mv 4 11 (61 167)
17.740 mv 4 11 (60 167)
17.750 mv 4 11 (59 167)
17.760 mv 4 11 (58 167)
17.770 mv 4 11 (58 166)
17.780 mv 4 11 (57 166)
17.790 mv 4 11 (57 165)
17.800 mv 4 11 (56 164)
17.800 mv 4 11 (55 163)
17.810 mv 4 11 (54 161)
17.820 mv 4 10 (53 159)
17.830 mv 4 10 (52 156)
17.840 mv 4 10 (52 154)
17.840 mv 4 10 (51 151)
17.850 mv 4 10 (51 149)
17.860 mv 4 10 (51 147)
17.870 mv 4 10 (51 145)
17.880 mv 4 9 (51 143)
17.880 mv 4 9 (51 141)
17.890 mv 4 9 (51 140)
17.900 mv 4 9 (52 139)
17.910 mv 4 9 (52 138)
17.920 mv 4 9 (52 137)
17.940 mv 4 9 (53 137)
17.970 mv 4 9 (52 137)
18.030 mv 4 9 (51 137)
18.040 mv 4 9 (51 136)
18.090 mv 4 9 (50 136)
18.090 mv 4 9 (49 135)
18.100 mv 3 9 (47 134)
18.110 mv 3 9 (46 133)
18.120 mv 3 9 (45 132)
18.130 mv 3 9 (43 131)
18.130 mv 3 9 (41 130)
18.140 mv 3 9 (40 128)
18.150 mv 3 8 (39 126)
18.160 mv 3 8 (38 125)
18.170 mv 3 8 (37 124)
18.170 mv 3 8 (36 123)
18.180 mv 3 8 (35 122)
18.190 mv 3 8 (35 121)
18.210 mv 3 8 (35 122)
18.220 mv 3 8 (34 122)
18.240 mv 3 8 (34 123)
18.260 mv 3 8 (33 123)
18.280 mv 3 8 (32 123)
18.330 mv 2 8 (31 123)
18.370 mv 2 8 (31 124)
18.390 mv 2 8 (31 125)
18.440 mv 3 8 (32 125)
18.480 mv 3 8 (33 125)
18.500 mv 3 8 (33 124)
18.520 mv 3 8 (33 123)
18.540 mv 3 8 (34 123)
18.550 mv 3 8 (34 122)
18.560 mv 3 8 (34 121)
18.600 mv 3 8 (34 122)
18.700 lc 3 8 (34 122)
Cell pressed 3 8
18.700 mv 3 8 (34 121)
18.730 mv 3 8 (34 122)
18.740 mv 3 8 (34 121)
18.750 mv 3 8 (34 122)
18.770 lr 3 8 (34 122)
Cell opened (Number 2) 3 8
18.770 Solved 3BV: 30 of 43
18.780 mv 3 8 (34 123)
18.790 mv 3 8 (35 123)
18.800 mv 3 8 (37 122)
18.810 mv 3 8 (39 122)
18.820 mv 3 8 (41 121)
18.820 mv 3 8 (43 121)
18.830 mv 3 8 (44 119)
18.840 mv 3 8 (46 118)
18.850 mv 3 8 (47 117)
18.860 mv 4 8 (49 116)
18.860 mv 4 8 (50 114)
18.870 mv 4 8 (50 113)
18.880 mv 4 7 (52 111)
18.890 mv 4 7 (52 109)
18.900 mv 4 7 (53 108)
18.900 mv 4 7 (54 106)
18.910 mv 4 7 (55 103)
18.920 mv 4 7 (55 101)
18.930 mv 4 7 (55 100)
18.940 mv 4 7 (55 99)
18.940 mv 4 7 (56 99)
18.960 mv 4 7 (55 99)
18.970 lc 4 7 (55 99)
Cell pressed 4 7
19.000 mv 4 7 (55 100)
19.020 mv 4 7 (54 100)
19.030 mv 4 7 (54 101)
19.030 mv 4 7 (54 102)
19.040 mv 4 7 (54 103)
19.050 mv 4 7 (54 104)
19.050 lr 4 7 (54 104)
Cell opened (Number 3) 4 7
19.050 Solved 3BV: 31 of 43
19.060 mv 4 7 (54 105)
19.070 mv 4 7 (55 107)
19.070 mv 4 7 (55 108)
19.090 mv 4 7 (55 109)
19.100 mv 4 7 (56 110)
19.110 mv 4 7 (55 110)
19.120 mv 4 8 (55 112)
19.130 mv 4 8 (55 113)
19.140 mv 4 8 (55 115)
19.150 mv 4 8 (56 117)
19.150 mv 4 8 (56 119)
19.160 mv 4 8 (56 120)
19.170 mv 4 8 (56 122)
19.180 mv 4 8 (56 123)
19.190 mv 4 8 (56 125)
19.190 mv 4 8 (56 127)
19.200 mv 4 9 (56 129)
19.210 mv 4 9 (56 131)
19.230 mv 4 9 (56 132)
19.260 lc 4 9 (56 132)
Cell pressed 4 9
19.350 mv 4 9 (55 133)
19.360 mv 4 9 (54 134)
19.360 lr 4 9 (54 134)
Cell opened (Number 3) 4 9
19.360 Solved 3BV: 32 of 43
19.360 mv 4 9 (53 135)
19.370 mv 4 9 (50 135)
19.380 mv 4 9 (48 135)
19.390 mv 3 9 (45 134)
19.400 mv 3 9 (42 133)
19.400 mv 3 9 (39 131)
19.410 mv 3 9 (37 130)
19.420 mv 3 9 (35 128)
19.430 mv 3 8 (34 127)
19.440 mv 3 8 (33 126)
19.440 mv 3 8 (33 125)
19.470 mv 3 8 (32 124)
19.480 mv 2 8 (30 124)
19.490 mv 2 8 (29 123)
19.500 mv 2 8 (28 123)
19.510 mv 2 8 (27 122)
19.510 mv 2 8 (26 122)
19.520 mv 2 8 (25 122)
19.540 mv 2 8 (24 122)
19.540 mv 2 8 (23 122)
19.560 mv 2 8 (22 122)
19.580 mv 2 8 (21 122)
19.590 mv 2 8 (20 122)
19.590 mv 2 8 (18 122)
19.600 mv 2 8 (17 122)
19.610 mv 1 8 (15 122)
19.620 mv 1 8 (14 122)
19.630 mv 1 8 (13 122)
19.630 mv 1 8 (12 122)
19.640 mv 1 8 (11 122)
19.660 mv 1 8 (10 121)
19.670 mv 1 8 (9 121)
19.700 mv 1 8 (8 121)
19.710 mv 1 8 (7 120)
19.710 mv 1 8 (6 120)
19.720 mv 1 8 (5 120)
19.740 lc 1 8 (5 120)
Cell pressed 1 8
19.750 mv 1 8 (4 120)
19.840 lr 1 8 (4 120)
Cell opened (Number 1) 1 8
19.840 Solved 3BV: 33 of 43
19.840 mv 1 8 (5 121)
19.850 mv 1 8 (5 122)
19.880 mv 1 8 (5 123)
19.890 mv 1 8 (5 122)
19.900 mv 1 8 (4 122)
19.910 mv 1 8 (5 123)
19.940 mv 1 8 (5 124)
19.950 mv 1 8 (6 125)
19.960 mv 1 8 (6 126)
19.960 mv 1 9 (6 128)
19.970 mv 1 9 (6 130)
19.980 mv 1 9 (6 132)
19.990 mv 1 9 (6 135)
20.000 mv 1 9 (3 140)
20.000 mv 1 10 (0 144)
20.350 mv 1 15 (0 230)
20.370 mv 1 15 (0 231)
20.380 mv 1 15 (0 232)
20.390 mv 1 15 (1 233)
20.400 mv 1 15 (1 234)
20.410 mv 1 15 (1 235)
20.420 mv 1 15 (2 236)
20.440 mv 1 15 (2 237)
20.450 mv 1 15 (2 238)
20.460 mv 1 15 (2 239)
20.470 mv 1 16 (2 240)
20.480 mv 1 16 (3 240)
20.490 mv 1 16 (3 241)
20.500 mv 1 16 (4 242)
20.510 mv 1 16 (4 243)
20.530 mv 1 16 (4 244)
20.540 mv 1 16 (5 244)
20.540 mv 1 16 (4 244)
20.550 mv 1 16 (5 245)
20.560 mv 1 16 (5 246)
20.560 lc 1 16 (5 246)
Cell pressed 1 16
20.570 mv 1 16 (5 247)
20.580 mv 1 16 (5 248)
20.610 mv 1 16 (5 249)
20.620 mv 1 16 (6 249)
20.620 mv 1 16 (6 250)
20.630 lr 1 16 (6 250)
Cell opened (Number 1) 1 15
Cell opened (Number 0) 1 16
Cell opened (Number 1) 2 15
Cell opened (Number 0) 2 16
Cell opened (Number 2) 3 15
Cell opened (Number 1) 3 16
20.630 Solved 3BV: 34 of 43
20.640 mv 1 16 (6 251)
20.650 mv 1 16 (6 252)
20.690 mv 1 16 (6 251)
20.710 mv 1 16 (5 250)
20.710 mv 1 16 (5 249)
20.720 mv 1 16 (5 248)
20.750 mv 1 16 (5 247)
20.930 mv 1 16 (5 246)
20.940 mv 1 16 (6 246)
20.950 mv 1 16 (7 245)
20.960 mv 1 16 (9 243)
20.960 mv 1 16 (11 242)
20.970 mv 1 15 (12 239)
20.980 mv 1 15 (14 237)
20.990 mv 1 15 (15 233)
21.000 mv 2 15 (16 230)
21.000 mv 2 15 (16 227)
21.010 mv 2 14 (16 223)
21.020 mv 1 14 (15 220)
21.030 mv 1 14 (14 217)
21.040 mv 1 14 (13 216)
21.040 mv 1 14 (12 215)
21.050 mv 1 14 (11 214)
21.090 mv 1 14 (10 214)
21.110 mv 1 14 (9 214)
21.120 mv 1 14 (8 214)
21.140 mv 1 14 (7 213)
21.170 mv 1 14 (6 212)
21.170 mv 1 14 (5 212)
21.210 lc 1 14 (5 212)
Cell pressed 1 14
21.230 mv 1 14 (4 211)
21.250 mv 1 14 (3 211)
21.270 mv 1 14 (2 211)
21.290 lr 1 14 (2 211)
Cell opened (Number 2) 1 14
21.290 Solved 3BV: 35 of 43
21.300 mv 1 14 (3 212)
21.320 mv 1 14 (3 213)
21.330 mv 1 14 (4 213)
21.330 mv 1 14 (5 213)
21.350 mv 1 14 (6 213)
21.360 mv 1 14 (7 213)
21.370 mv 1 14 (8 213)
21.370 mv 1 14 (9 213)
21.380 mv 1 14 (11 213)
21.390 mv 1 14 (13 213)
21.400 mv 1 14 (14 212)
21.410 mv 2 14 (17 211)
21.410 mv 2 14 (20 210)
21.420 mv 2 14 (23 209)
21.430 mv 2 14 (25 208)
21.440 mv 2 13 (28 207)
21.450 mv 2 13 (30 206)
21.450 mv 3 13 (32 206)
21.460 mv 3 13 (35 206)
21.470 mv 3 13 (37 206)
21.480 mv 3 13 (39 206)
21.490 mv 3 13 (42 206)
21.500 mv 3 13 (44 207)
21.500 mv 3 13 (46 207)
21.510 mv 4 14 (48 208)
21.520 mv 4 14 (49 208)
21.530 mv 4 14 (50 209)
21.540 mv 4 14 (51 210)
21.550 mv 4 14 (52 211)
21.560 mv 4 14 (53 211)
21.570 mv 4 14 (54 212)
21.580 mv 4 14 (55 213)
21.580 mv 4 14 (56 213)
21.590 mv 4 14 (57 214)
21.600 mv 4 14 (58 215)
21.610 mv 4 14 (60 216)
21.620 mv 4 14 (62 217)
21.620 mv 5 14 (64 218)
21.630 mv 5 14 (66 220)
21.640 mv 5 14 (67 220)
21.650 mv 5 14 (68 221)
21.660 mv 5 14 (69 222)
21.660 mv 5 14 (70 222)
21.670 mv 5 14 (71 223)
21.680 mv 5 15 (72 225)
21.690 mv 5 15 (74 226)
21.700 mv 5 15 (75 226)
21.700 mv 5 15 (76 227)
21.750 mv 5 15 (77 227)
21.750 mv 5 15 (78 227)
21.760 mv 5 15 (79 228)
21.770 mv 6 15 (81 229)
21.780 mv 6 15 (83 230)
21.790 mv 6 15 (84 231)
21.790 mv 6 15 (86 231)
21.800 mv 6 15 (87 231)
21.810 mv 6 15 (88 232)
21.860 lc 6 15 (88 232)
Cell pressed 6 15
21.940 mv 6 15 (88 233)
21.950 lr 6 15 (88 233)
Cell opened (Number 1) 5 15
Cell opened (Number 1) 5 16
Cell opened (Number 1) 6 14
Cell opened (Number 0) 6 15
Cell opened (Number 0) 6 16
Cell opened (Number 2) 7 14
Cell opened (Number 0) 7 15
Cell opened (Number 0) 7 16
Cell opened (Number 2) 8 14
Cell opened (Number 1) 8 15
Cell opened (Number 1) 8 16
21.950 Solved 3BV: 36 of 43
21.950 mv 6 15 (88 234)
21.960 mv 6 15 (88 235)
21.970 mv 6 15 (89 236)
22.000 mv 6 15 (89 235)
22.020 mv 6 15 (89 234)
22.040 mv 6 15 (89 233)
22.130 mv 6 15 (88 232)
22.230 mv 6 15 (87 232)
22.270 mv 6 15 (86 232)
22.280 mv 6 15 (85 232)
22.290 mv 6 15 (84 232)
22.290 mv 6 15 (81 232)
22.300 mv 5 15 (79 232)
22.310 mv 5 15 (76 232)
22.320 mv 5 15 (74 233)
22.330 mv 5 15 (71 233)
22.330 mv 5 15 (70 234)
22.340 mv 5 15 (68 235)
22.350 mv 5 15 (67 236)
22.360 mv 5 15 (66 236)
22.370 mv 5 15 (66 237)
22.370 mv 5 15 (65 237)
22.380 mv 5 15 (64 238)
22.390 mv 4 15 (63 239)
22.400 mv 4 16 (62 240)
22.410 mv 4 16 (61 240)
22.410 mv 4 16 (60 241)
22.420 mv 4 16 (59 242)
22.420 lc 4 16 (59 242)
Cell pressed 4 16
22.430 mv 4 16 (58 242)
22.440 mv 4 16 (58 243)
22.450 mv 4 16 (57 243)
22.470 mv 4 16 (57 244)
22.490 mv 4 16 (57 245)
22.500 mv 4 16 (57 246)
22.510 mv 4 16 (57 247)
22.530 mv 4 16 (57 248)
22.550 mv 4 16 (57 247)
22.620 mv 4 16 (57 248)
22.640 lr 4 16 (57 248)
Cell opened (Number 1) 4 16
22.640 Solved 3BV: 37 of 43
22.660 mv 4 16 (58 248)
22.670 mv 4 16 (59 247)
22.680 mv 4 16 (61 245)
22.690 mv 4 16 (63 244)
22.700 mv 5 16 (65 242)
22.700 mv 5 16 (66 240)
22.710 mv 5 15 (68 238)
22.720 mv 5 15 (70 236)
22.730 mv 5 15 (72 234)
22.740 mv 5 15 (74 232)
22.740 mv 5 15 (77 230)
22.750 mv 6 15 (80 229)
22.760 mv 6 15 (82 227)
22.770 mv 6 15 (85 226)
22.780 mv 6 15 (87 225)
22.780 mv 6 14 (89 223)
22.790 mv 6 14 (91 222)
22.800 mv 6 14 (92 221)
22.810 mv 6 14 (93 220)
22.820 mv 6 14 (94 220)
22.820 mv 6 14 (95 218)
22.830 mv 7 14 (96 217)
22.840 mv 7 14 (97 216)
22.850 mv 7 14 (98 215)
22.860 mv 7 14 (100 214)
22.870 mv 7 14 (101 213)
22.870 mv 7 14 (102 212)
22.880 mv 7 14 (103 211)
22.890 mv 7 14 (103 210)
22.900 mv 7 14 (104 209)
22.910 mv 7 14 (104 208)
22.910 mv 7 13 (104 207)
22.950 mv 7 13 (104 206)
22.990 mv 7 13 (104 205)
22.990 mv 7 13 (104 204)
23.000 mv 7 13 (104 202)
23.010 mv 7 13 (103 201)
23.070 lc 7 13 (103 201)
Cell pressed 7 13
23.130 mv 7 13 (103 202)
23.150 mv 7 13 (104 203)
23.150 lr 7 13 (104 203)
Cell opened (Number 3) 7 13
23.150 Solved 3BV: 38 of 43
23.160 mv 7 13 (105 205)
23.170 mv 7 13 (106 206)
23.180 mv 7 14 (107 208)
23.180 mv 7 14 (108 208)
23.190 mv 7 14 (108 209)
23.200 mv 7 14 (110 210)
23.210 mv 7 14 (110 211)
23.220 mv 7 14 (111 212)
23.220 mv 8 14 (113 213)
23.230 mv 8 14 (114 213)
23.240 mv 8 14 (115 214)
23.250 mv 8 14 (116 214)
23.280 mv 8 14 (117 215)
23.280 mv 8 14 (119 216)
23.290 mv 8 14 (121 217)
23.300 mv 8 14 (124 219)
23.310 mv 8 14 (127 221)
23.320 mv 9 14 (130 222)
23.320 mv 9 14 (133 223)
23.330 mv 9 15 (136 224)
23.340 mv 9 15 (139 225)
23.350 mv 9 15 (142 226)
23.360 mv 10 15 (144 227)
23.360 mv 10 15 (146 228)
23.370 mv 10 15 (149 229)
23.380 mv 10 15 (151 229)
23.390 mv 10 15 (154 230)
23.400 mv 10 15 (156 230)
23.400 mv 10 15 (159 230)
23.410 mv 11 15 (161 230)
23.420 mv 11 15 (164 230)
23.430 mv 11 15 (166 230)
23.440 mv 11 15 (169 230)
23.450 mv 11 15 (173 231)
23.450 mv 12 15 (176 231)
23.460 mv 12 15 (178 231)
23.470 mv 12 15 (179 231)
23.480 mv 12 15 (180 231)
23.490 mv 12 15 (180 230)
23.510 mv 12 15 (180 229)
23.520 mv 12 15 (179 229)
23.530 mv 12 15 (179 228)
23.530 mv 12 15 (179 227)
23.540 mv 12 15 (178 227)
23.550 mv 12 15 (178 226)
23.570 mv 12 15 (177 225)
23.580 mv 12 15 (176 224)
23.590 mv 11 15 (175 224)
23.600 mv 11 14 (174 223)
23.610 mv 11 14 (174 222)
23.610 mv 11 14 (173 221)
23.620 mv 11 14 (172 221)
23.710 mv 11 14 (172 220)
23.730 mv 11 14 (172 219)
23.750 mv 11 14 (171 218)
23.780 mv 11 14 (171 217)
23.780 lc 11 14 (171 217)
23.780 rc 11 14 (171 217)
Cell pressed 12 14
Cell pressed 10 15
Cell pressed 11 15
Cell pressed 12 15
23.860 mv 11 14 (171 218)
23.860 lr 11 14 (171 218)
Cell opened (Number 1) 12 14
Cell opened (Number 2) 10 15
23.860 Solved 3BV: 39 of 43
Cell opened (Number 1) 11 15
Cell opened (Number 1) 11 16
Cell opened (Number 0) 12 15
Cell opened (Number 0) 12 16
Cell opened (Number 1) 13 14
Cell opened (Number 1) 13 15
Cell opened (Number 0) 13 16
Cell opened (Number 1) 14 15
Cell opened (Number 0) 14 16
Cell opened (Number 2) 15 15
Cell opened (Number 1) 15 16
23.860 Solved 3BV: 40 of 43
23.860 mv 11 14 (171 219)
23.870 rr 11 14 (171 219)
23.880 mv 11 14 (171 220)
23.890 mv 11 14 (171 222)
23.900 mv 11 14 (171 223)
23.910 mv 11 15 (170 224)
23.920 mv 11 15 (168 225)
23.930 mv 11 15 (167 225)
23.940 mv 11 15 (166 226)
23.940 mv 11 15 (164 227)
23.950 mv 11 15 (163 229)
23.960 mv 11 15 (161 229)
23.970 mv 11 15 (160 231)
23.980 mv 10 15 (158 231)
23.990 mv 10 15 (157 233)
23.990 mv 10 15 (155 234)
24.000 mv 10 15 (154 236)
24.010 mv 10 15 (153 238)
24.020 mv 10 15 (151 239)
24.020 mv 10 16 (150 240)
24.030 mv 10 16 (149 241)
24.040 mv 10 16 (148 242)
24.050 mv 10 16 (146 242)
24.060 mv 10 16 (145 243)
24.070 mv 10 16 (144 244)
24.070 mv 9 16 (143 245)
24.080 mv 9 16 (142 246)
24.100 mv 9 16 (141 247)
24.110 mv 9 16 (140 248)
24.130 mv 9 16 (139 248)
24.160 mv 9 16 (138 248)
24.160 lc 9 16 (138 248)
Cell pressed 9 16
24.170 mv 9 16 (137 248)
24.200 mv 9 16 (136 248)
24.210 mv 9 16 (136 249)
24.220 mv 9 16 (137 250)
24.230 mv 9 16 (137 252)
24.240 lr 9 16 (137 252)
Cell opened (Number 2) 9 16
24.240 Solved 3BV: 41 of 43
24.250 mv 9 16 (139 254)
24.310 mv 9 16 (143 255)
24.310 mv 10 16 (144 254)
24.320 mv 10 16 (145 253)
24.330 mv 10 16 (146 252)
24.340 mv 10 16 (147 250)
24.350 mv 10 16 (149 249)
24.350 mv 10 16 (150 247)
24.360 mv 10 16 (153 246)
24.370 mv 10 16 (155 245)
24.380 mv 10 16 (158 243)
24.390 mv 11 16 (160 241)
24.390 mv 11 15 (162 238)
24.400 mv 11 15 (164 236)
24.410 mv 11 15 (166 235)
24.420 mv 11 15 (168 233)
24.430 mv 11 15 (171 232)
24.430 mv 11 15 (172 230)
24.440 mv 11 15 (174 228)
24.450 mv 11 15 (175 226)
24.460 mv 12 15 (177 225)
24.470 mv 12 15 (178 224)
24.470 mv 12 14 (179 223)
24.480 mv 12 14 (180 222)
24.490 mv 12 14 (181 221)
24.500 mv 12 14 (182 220)
24.510 mv 12 14 (184 220)
24.510 mv 12 14 (185 219)
24.520 mv 12 14 (186 217)
24.530 mv 12 14 (188 216)
24.540 mv 12 14 (188 215)
24.550 mv 12 14 (188 214)
24.560 mv 12 14 (189 213)
24.570 mv 12 14 (189 211)
24.600 mv 12 14 (189 210)
24.630 mv 12 14 (189 209)
24.700 mv 12 14 (189 208)
24.700 mv 12 13 (189 207)
24.720 mv 12 13 (189 206)
24.730 mv 12 13 (189 205)
24.740 mv 12 13 (189 204)
24.770 mv 12 13 (190 203)
24.780 mv 12 13 (190 202)
24.950 mv 12 13 (190 203)
24.970 mv 13 13 (192 204)
24.970 mv 13 13 (193 205)
24.990 mv 13 13 (194 205)
25.020 mv 13 13 (195 204)
25.030 mv 13 13 (195 203)
25.050 mv 13 13 (196 202)
25.060 mv 13 13 (197 202)
25.070 mv 13 13 (197 201)
25.100 lc 13 13 (197 201)
Cell pressed 13 13
25.150 mv 13 13 (197 202)
25.190 mv 13 13 (198 203)
25.190 lr 13 13 (198 203)
Cell opened (Number 2) 13 13
25.190 Solved 3BV: 42 of 43
25.190 mv 13 13 (199 204)
25.200 mv 13 13 (201 206)
25.210 mv 13 14 (203 208)
25.220 mv 13 14 (205 209)
25.220 mv 13 14 (207 210)
25.230 mv 14 14 (208 211)
25.240 mv 14 14 (209 212)
25.260 mv 14 14 (209 211)
25.260 mv 14 14 (208 211)
25.270 mv 14 14 (209 212)
25.290 mv 14 14 (209 211)
25.300 mv 14 14 (210 212)
25.310 mv 14 14 (210 213)
25.320 mv 14 14 (211 215)
25.330 mv 14 14 (212 217)
25.340 mv 14 14 (213 218)
25.350 mv 14 14 (214 220)
25.350 mv 14 14 (215 222)
25.360 mv 14 14 (216 223)
25.370 mv 14 14 (217 223)
25.380 mv 14 15 (218 224)
25.390 mv 14 15 (218 225)
25.390 mv 14 15 (219 226)
25.400 mv 14 15 (220 227)
25.410 mv 14 15 (221 227)
25.420 mv 14 15 (221 228)
25.450 mv 14 15 (222 228)
25.460 mv 14 15 (222 229)
25.470 mv 14 15 (223 231)
25.470 mv 15 15 (224 233)
25.480 mv 15 15 (226 235)
25.490 mv 15 15 (228 237)
25.500 mv 15 15 (230 239)
25.510 mv 15 16 (232 241)
25.510 mv 15 16 (234 243)
25.520 mv 15 16 (235 244)
25.530 mv 15 16 (237 245)
25.540 mv 15 16 (238 247)
25.550 mv 16 16 (240 248)
25.550 mv 16 16 (241 249)
25.570 mv 16 16 (242 250)
25.590 mv 16 16 (243 250)
25.640 mv 16 16 (243 249)
25.710 lc 16 16 (243 249)
Cell pressed 16 16
25.770 mv 16 16 (243 250)
25.780 lr 16 16 (243 250)
Cell opened (Number 1) 16 16
25.780 Solved 3BV: 43 of 43
