RawVF_Version: 6
Program: Vienna Minesweeper
Version: Home Edition - Release 3.0H
Player: M
Level: Beginner
Width: 8
Height: 8
Mines: 10
Marks: Off
Time: 7.844
BBBV: 34
BBBVS: 4.334
Status: Won
Timestamp: 1379586811
Mode: Classic
Style: NF
RAW_Time: 7.844     
RAW_3BV: 34        
RAW_Solved3BV: 34        
RAW_3BV/s: 4.334     
RAW_ZiNi: 20        
RAW_ZiNi/s: 2.550     
RAW_HZiNi: 19        
RAW_HZiNi/s: 2.422     
RAW_Clicks: 41        
RAW_Clicks/s: 5.227     
RAW_LeftClicks: 41        
RAW_LeftClicks/s: 5.227     
RAW_RightClicks: 0         
RAW_RightClicks/s: 0.000     
RAW_DoubleClicks: 0         
RAW_DoubleClicks/s: 0.000     
RAW_WastedClicks: 7         
RAW_WastedClicks/s: 0.892     
RAW_WastedLeftClicks: 7         
RAW_WastedLeftClicks/s: 0.892     
RAW_WastedRightClicks: 0         
RAW_WastedRightClicks/s: 0.000     
RAW_WastedDoubleClicks: 0         
RAW_WastedDoubleClicks/s: 0.000     
RAW_1.5Clicks: 0         
RAW_1.5Clicks/s: 0.000     
RAW_IOE: 0.829     
RAW_Correctness: 0.829     
RAW_Throughput: 1.000     
RAW_ZNE: 0.488     
RAW_ZNT: 0.588     
RAW_HZNE: 0.463     
RAW_HZNT: 0.559     
RAW_Openings: 1         
RAW_Islands: 1         
RAW_Flags: 0         
RAW_WastedFlags: 0         
RAW_Unflags: 0         
RAW_Misflags: 0         
RAW_Misunflags: 0         
RAW_RilianClicks: 0         
RAW_RilianClicks/s: 0.000     
0*000000
00*00*0*
00000000
*0000000
000**000
0*000000
00000000
*00*0000
Events:
0.000 start
0.000 lc 4 1 (56 10)
Cell pressed 4 1
0.000 lr 4 1 (56 10)
Cell opened (Number 1) 4 1
0.000 Solved 3BV: 1 of 34
0.000 mv 4 1 (56 10)
0.000 mv 4 1 (57 9)
0.000 mv 4 1 (58 9)
0.000 mv 4 1 (59 9)
0.016 mv 4 1 (60 9)
0.016 mv 4 1 (61 8)
0.016 mv 4 1 (62 8)
0.016 mv 4 1 (63 8)
0.031 mv 5 1 (64 8)
0.031 mv 5 1 (65 8)
0.031 mv 5 1 (66 7)
0.031 mv 5 1 (67 7)
0.047 mv 5 1 (68 7)
0.047 mv 5 1 (69 7)
0.047 mv 5 1 (70 7)
0.063 mv 5 1 (71 7)
0.078 lc 5 1 (71 7)
Cell pressed 5 1
0.110 mv 5 1 (72 7)
0.110 mv 5 1 (73 7)
0.125 mv 5 1 (74 7)
0.125 mv 5 1 (74 8)
0.125 mv 5 1 (75 8)
0.125 mv 5 1 (76 8)
0.141 mv 5 1 (77 8)
0.141 mv 5 1 (78 9)
0.141 mv 5 1 (79 9)
0.141 mv 6 1 (80 9)
Cell released 5 1
Cell pressed 6 1
0.141 mv 6 1 (81 9)
0.156 mv 6 1 (82 9)
0.156 mv 6 1 (83 10)
0.156 lr 6 1 (83 10)
Cell opened (Number 1) 6 1
0.156 Solved 3BV: 2 of 34
0.156 mv 6 1 (83 10)
0.156 mv 6 1 (84 10)
0.156 mv 6 1 (85 10)
0.156 mv 6 1 (86 10)
0.172 mv 6 1 (87 11)
0.172 mv 6 1 (88 11)
0.172 mv 6 1 (89 11)
0.172 mv 6 1 (90 11)
0.188 mv 6 1 (91 11)
0.188 mv 6 1 (92 11)
0.203 mv 6 1 (93 11)
0.203 mv 6 1 (93 12)
0.219 mv 6 1 (93 13)
0.219 mv 6 1 (94 13)
0.219 lc 6 1 (94 13)
0.235 mv 6 1 (94 14)
0.235 mv 6 1 (95 15)
0.250 mv 6 2 (95 16)
Cell pressed 6 2
0.250 mv 7 2 (96 16)
Cell released 6 2
Cell pressed 7 2
0.250 mv 7 2 (96 17)
0.266 mv 7 2 (97 17)
0.266 mv 7 2 (97 18)
0.266 mv 7 2 (98 19)
0.281 mv 7 2 (98 20)
0.281 mv 7 2 (99 20)
0.281 mv 7 2 (99 21)
0.281 mv 7 2 (100 21)
0.297 mv 7 2 (100 22)
0.297 mv 7 2 (101 22)
0.297 mv 7 2 (101 23)
0.297 mv 7 2 (102 24)
0.297 mv 7 2 (103 25)
0.313 mv 7 2 (103 26)
0.313 mv 7 2 (104 26)
0.313 mv 7 2 (105 27)
0.313 lr 7 2 (105 27)
Cell opened (Number 2) 7 2
0.313 Solved 3BV: 3 of 34
0.313 mv 7 2 (105 27)
0.313 mv 7 2 (105 28)
0.313 mv 7 2 (106 29)
0.328 mv 7 2 (106 30)
0.328 mv 7 2 (106 31)
0.328 mv 7 3 (107 32)
0.328 mv 7 3 (107 33)
0.344 mv 7 3 (107 34)
0.344 mv 7 3 (107 35)
0.344 mv 7 3 (107 36)
0.360 mv 7 3 (107 37)
0.360 mv 7 3 (107 38)
0.375 mv 7 3 (107 39)
0.375 mv 7 3 (107 40)
0.375 mv 7 3 (107 41)
0.375 mv 7 3 (107 42)
0.391 lc 7 3 (107 42)
Cell pressed 7 3
0.391 mv 7 3 (107 43)
0.391 mv 7 3 (107 44)
0.391 mv 7 3 (106 44)
0.406 mv 7 3 (106 45)
0.422 mv 7 3 (106 46)
0.422 mv 7 3 (106 47)
0.438 mv 7 4 (106 48)
Cell released 7 3
Cell pressed 7 4
0.438 mv 7 4 (105 48)
0.438 mv 7 4 (105 49)
0.453 mv 7 4 (105 50)
0.453 mv 7 4 (104 50)
0.453 mv 7 4 (104 51)
0.453 mv 7 4 (103 51)
0.469 mv 7 4 (103 52)
0.469 mv 7 4 (102 53)
0.469 mv 7 4 (101 53)
0.469 lr 7 4 (101 53)
Cell opened (Number 2) 5 6
Cell opened (Number 1) 5 7
Cell opened (Number 1) 5 8
Cell opened (Number 1) 6 3
Cell opened (Number 1) 6 4
Cell opened (Number 1) 6 5
Cell opened (Number 1) 6 6
Cell opened (Number 0) 6 7
Cell opened (Number 0) 6 8
Cell opened (Number 2) 7 3
Cell opened (Number 0) 7 4
Cell opened (Number 0) 7 5
Cell opened (Number 0) 7 6
Cell opened (Number 0) 7 7
Cell opened (Number 0) 7 8
Cell opened (Number 1) 8 3
Cell opened (Number 0) 8 4
Cell opened (Number 0) 8 5
Cell opened (Number 0) 8 6
Cell opened (Number 0) 8 7
Cell opened (Number 0) 8 8
0.469 Solved 3BV: 4 of 34
0.485 mv 7 4 (101 54)
0.485 mv 7 4 (100 54)
0.485 mv 7 4 (100 55)
0.485 mv 7 4 (99 55)
0.485 mv 7 4 (98 56)
0.500 mv 7 4 (97 56)
0.500 mv 7 4 (97 57)
0.500 mv 7 4 (96 57)
0.516 mv 6 4 (95 57)
0.516 mv 6 4 (94 57)
0.531 mv 6 4 (93 57)
0.531 mv 6 4 (92 57)
0.531 lc 6 4 (92 57)
0.547 mv 6 4 (91 57)
0.547 mv 6 4 (90 57)
0.547 mv 6 4 (90 56)
0.563 mv 6 4 (89 56)
0.578 mv 6 4 (88 56)
0.578 mv 6 4 (87 56)
0.594 mv 6 4 (86 56)
0.594 mv 6 4 (86 55)
0.594 mv 6 4 (85 55)
0.610 mv 6 4 (84 55)
0.610 mv 6 4 (83 55)
0.625 mv 6 4 (83 54)
0.625 mv 6 4 (82 54)
0.625 mv 6 4 (81 54)
0.625 mv 6 4 (80 54)
0.625 mv 5 4 (79 53)
Cell pressed 5 4
0.641 mv 5 4 (78 53)
0.641 mv 5 4 (77 53)
0.641 mv 5 4 (76 52)
0.641 mv 5 4 (75 52)
0.641 mv 5 4 (74 52)
0.641 mv 5 4 (73 51)
0.656 mv 5 4 (72 51)
0.656 lr 5 4 (72 51)
Cell opened (Number 2) 5 4
0.656 Solved 3BV: 5 of 34
0.656 mv 5 4 (72 51)
0.656 mv 5 4 (71 51)
0.656 mv 5 4 (71 50)
0.656 mv 5 4 (68 49)
0.672 mv 5 4 (65 48)
0.672 mv 5 3 (65 47)
0.672 mv 5 3 (64 47)
0.688 mv 4 3 (63 47)
0.688 mv 4 3 (63 46)
0.688 mv 4 3 (62 46)
0.703 mv 4 3 (62 45)
0.703 mv 4 3 (61 45)
0.703 mv 4 3 (61 44)
0.719 mv 4 3 (60 43)
0.719 lc 4 3 (60 43)
Cell pressed 4 3
0.735 mv 4 3 (60 42)
0.735 mv 4 3 (59 42)
0.735 mv 4 3 (59 41)
0.735 mv 4 3 (58 41)
0.735 mv 4 3 (58 40)
0.750 mv 4 3 (58 39)
0.750 mv 4 3 (57 39)
0.766 mv 4 3 (57 38)
0.766 mv 4 3 (56 38)
0.766 mv 4 3 (56 37)
0.781 mv 4 3 (56 36)
0.781 mv 4 3 (56 35)
0.781 mv 4 3 (55 35)
0.797 mv 4 3 (55 34)
0.797 mv 4 3 (55 33)
0.797 lr 4 3 (55 33)
Cell opened (Number 1) 4 3
0.797 Solved 3BV: 6 of 34
0.797 mv 4 3 (55 33)
0.797 mv 4 3 (55 32)
0.797 mv 4 2 (55 31)
0.813 mv 4 2 (54 31)
0.813 mv 4 2 (54 30)
0.813 mv 4 2 (54 29)
0.813 mv 4 2 (54 28)
0.828 mv 4 2 (53 27)
0.828 mv 4 2 (53 26)
0.828 mv 4 2 (53 25)
0.844 mv 4 2 (52 25)
0.844 mv 4 2 (52 24)
0.860 mv 4 2 (52 23)
0.860 mv 4 2 (52 22)
0.875 mv 4 2 (51 22)
0.875 lc 4 2 (51 22)
Cell pressed 4 2
0.969 lr 4 2 (51 22)
Cell opened (Number 1) 4 2
0.969 Solved 3BV: 7 of 34
0.969 mv 4 2 (51 22)
0.969 mv 4 2 (52 22)
0.985 mv 4 2 (53 22)
0.985 mv 4 2 (54 22)
0.985 mv 4 2 (55 22)
0.985 mv 4 2 (56 22)
0.985 mv 4 2 (56 21)
0.985 mv 4 2 (57 21)
1.000 mv 4 2 (58 21)
1.000 mv 4 2 (59 21)
1.000 mv 4 2 (60 21)
1.000 mv 4 2 (61 20)
1.000 mv 4 2 (62 20)
1.000 mv 4 2 (63 20)
1.000 mv 5 2 (64 20)
1.016 mv 5 2 (67 19)
1.016 mv 5 2 (68 19)
1.016 mv 5 2 (69 19)
1.016 mv 5 2 (70 19)
1.016 mv 5 2 (72 18)
1.031 mv 5 2 (73 18)
1.031 mv 5 2 (74 18)
1.031 mv 5 2 (75 18)
1.031 mv 5 2 (76 18)
1.031 mv 5 2 (77 18)
1.031 mv 5 2 (78 18)
1.047 mv 5 2 (79 18)
1.047 mv 6 2 (80 18)
1.063 mv 6 2 (80 19)
1.063 mv 6 2 (81 19)
1.078 mv 6 2 (82 19)
1.078 mv 6 2 (83 19)
1.094 mv 6 2 (84 19)
1.094 mv 6 2 (85 19)
1.094 mv 6 2 (86 19)
1.110 mv 6 2 (88 18)
1.110 mv 6 2 (89 18)
1.110 mv 6 2 (90 18)
1.110 mv 6 2 (91 18)
1.125 mv 6 2 (91 17)
1.125 mv 6 2 (92 17)
1.125 mv 6 2 (93 17)
1.141 mv 7 2 (96 16)
1.141 mv 7 1 (96 15)
1.141 mv 7 1 (97 15)
1.156 mv 7 1 (98 15)
1.156 mv 7 1 (98 14)
1.156 mv 7 1 (99 14)
1.172 mv 7 1 (100 14)
1.172 mv 7 1 (100 13)
1.172 mv 7 1 (101 13)
1.188 mv 7 1 (101 12)
1.203 mv 7 1 (101 11)
1.203 mv 7 1 (101 10)
1.219 mv 7 1 (100 10)
1.235 mv 7 1 (100 9)
1.235 mv 7 1 (100 8)
1.235 mv 7 1 (99 8)
1.250 mv 7 1 (98 8)
1.266 mv 7 1 (97 8)
1.297 lc 7 1 (97 8)
Cell pressed 7 1
1.344 lr 7 1 (97 8)
Cell opened (Number 2) 7 1
1.344 Solved 3BV: 8 of 34
1.344 mv 7 1 (97 8)
1.360 mv 7 1 (98 8)
1.375 mv 7 1 (99 8)
1.375 mv 7 1 (100 8)
1.375 mv 7 1 (101 8)
1.391 mv 7 1 (102 8)
1.391 mv 7 1 (102 7)
1.391 mv 7 1 (103 7)
1.391 mv 7 1 (104 7)
1.406 mv 7 1 (105 7)
1.422 mv 7 1 (106 7)
1.422 lc 7 1 (106 7)
1.453 mv 7 1 (107 7)
1.453 mv 7 1 (108 7)
1.469 mv 7 1 (109 7)
1.485 mv 7 1 (110 7)
1.485 mv 7 1 (111 7)
1.500 mv 8 1 (112 7)
Cell pressed 8 1
1.516 lr 8 1 (112 7)
Cell opened (Number 1) 8 1
1.516 Solved 3BV: 9 of 34
1.516 mv 8 1 (112 7)
1.531 mv 8 1 (112 6)
1.563 mv 7 1 (111 6)
1.578 mv 7 1 (110 6)
1.578 mv 7 1 (109 6)
1.578 mv 7 1 (108 6)
1.578 mv 7 1 (107 6)
1.578 mv 7 1 (106 6)
1.594 mv 7 1 (105 6)
1.594 mv 7 1 (104 6)
1.594 mv 7 1 (103 6)
1.594 mv 7 1 (102 6)
1.594 mv 7 1 (101 6)
1.594 mv 7 1 (100 5)
1.594 mv 7 1 (99 5)
1.594 mv 7 1 (97 5)
1.610 mv 7 1 (96 5)
1.610 mv 6 1 (95 5)
1.610 mv 6 1 (94 5)
1.610 mv 6 1 (93 5)
1.610 mv 6 1 (91 5)
1.610 mv 6 1 (90 5)
1.610 mv 6 1 (89 5)
1.625 mv 6 1 (88 5)
1.625 mv 6 1 (87 5)
1.625 mv 6 1 (86 5)
1.625 mv 6 1 (85 5)
1.625 mv 6 1 (84 5)
1.625 mv 6 1 (83 5)
1.625 mv 6 1 (82 5)
1.625 mv 6 1 (81 5)
1.641 mv 6 1 (80 5)
1.641 mv 5 1 (79 6)
1.641 mv 5 1 (78 6)
1.641 mv 5 1 (76 6)
1.641 mv 5 1 (74 6)
1.656 mv 5 1 (73 6)
1.656 mv 5 1 (73 7)
1.656 mv 5 1 (72 7)
1.735 lc 5 1 (72 7)
Cell pressed 5 1
1.813 mv 5 1 (72 8)
1.813 mv 5 1 (73 8)
1.828 mv 5 1 (73 9)
1.828 lr 5 1 (73 9)
Cell opened (Number 1) 5 1
1.828 Solved 3BV: 10 of 34
1.828 mv 5 1 (73 9)
1.844 mv 5 1 (73 10)
1.860 mv 5 1 (73 11)
1.860 mv 5 1 (73 12)
1.875 mv 5 1 (73 13)
1.891 mv 5 1 (73 14)
1.891 mv 5 1 (73 15)
1.906 mv 5 2 (73 16)
1.906 lc 5 2 (73 16)
Cell pressed 5 2
1.906 mv 5 2 (73 17)
1.922 mv 5 2 (73 18)
1.922 mv 5 2 (73 19)
1.938 mv 5 2 (73 20)
1.953 mv 5 2 (73 21)
1.969 mv 5 2 (73 22)
2.000 mv 5 2 (73 23)
2.000 lr 5 2 (73 23)
Cell opened (Number 1) 5 2
2.000 Solved 3BV: 11 of 34
2.000 mv 5 2 (73 24)
2.000 mv 5 2 (72 24)
2.000 mv 5 2 (72 25)
2.016 mv 5 2 (72 26)
2.016 mv 5 2 (72 27)
2.031 mv 5 2 (72 28)
2.031 mv 5 2 (71 28)
2.031 mv 5 2 (71 29)
2.047 mv 5 2 (71 30)
2.047 mv 5 2 (71 31)
2.063 mv 5 3 (71 32)
2.063 mv 5 3 (71 33)
2.078 lc 5 3 (71 33)
Cell pressed 5 3
2.078 mv 5 3 (71 34)
2.094 mv 5 3 (71 35)
2.110 mv 5 3 (71 36)
2.125 mv 5 3 (71 37)
2.141 lr 5 3 (71 37)
Cell opened (Number 1) 5 3
2.141 Solved 3BV: 12 of 34
2.141 mv 5 3 (71 37)
2.141 mv 5 3 (71 38)
2.141 mv 5 3 (71 39)
2.156 mv 5 3 (71 40)
2.156 mv 5 3 (71 41)
2.156 mv 5 3 (71 42)
2.172 mv 5 3 (71 43)
2.188 mv 5 3 (71 44)
2.203 lc 5 3 (71 44)
2.297 lr 5 3 (71 44)
2.297 mv 5 3 (71 44)
2.344 mv 5 3 (71 45)
2.344 lc 5 3 (71 45)
2.344 mv 5 3 (72 45)
2.422 mv 5 3 (72 46)
2.422 mv 5 3 (72 47)
2.438 mv 5 4 (71 48)
2.438 mv 5 4 (70 49)
2.453 mv 5 4 (66 51)
2.453 lr 5 4 (66 51)
2.453 mv 5 4 (66 51)
2.453 mv 5 4 (65 52)
2.469 mv 5 4 (64 52)
2.469 mv 4 4 (63 53)
2.469 mv 4 4 (62 54)
2.469 mv 4 4 (61 54)
2.469 mv 4 4 (61 55)
2.485 mv 4 4 (60 55)
2.485 mv 4 4 (60 56)
2.485 mv 4 4 (59 56)
2.485 mv 4 4 (58 56)
2.485 mv 4 4 (58 57)
2.485 mv 4 4 (57 57)
2.485 mv 4 4 (56 57)
2.485 mv 4 4 (56 58)
2.500 mv 4 4 (55 58)
2.500 mv 4 4 (55 59)
2.500 mv 4 4 (54 59)
2.531 lc 4 4 (54 59)
Cell pressed 4 4
2.625 lr 4 4 (54 59)
Cell opened (Number 2) 4 4
2.625 Solved 3BV: 13 of 34
2.625 mv 4 4 (54 59)
2.688 mv 4 4 (55 60)
2.719 mv 4 4 (55 61)
2.735 mv 4 4 (55 62)
2.735 mv 4 4 (56 62)
2.750 mv 4 4 (56 63)
2.750 mv 4 5 (56 64)
2.766 mv 4 5 (57 64)
2.766 mv 4 5 (57 65)
2.766 mv 4 5 (57 66)
2.781 mv 4 5 (57 67)
2.781 mv 4 5 (58 67)
2.781 mv 4 5 (58 68)
2.797 mv 4 5 (59 69)
2.797 mv 4 5 (59 70)
2.813 mv 4 5 (59 71)
2.828 mv 4 5 (58 71)
2.844 mv 4 5 (58 72)
2.844 mv 4 5 (57 72)
2.860 mv 4 5 (56 72)
2.860 mv 4 5 (55 73)
2.860 mv 4 5 (54 73)
2.875 mv 4 5 (53 73)
2.875 mv 4 5 (52 73)
2.875 mv 4 5 (51 73)
2.891 mv 4 5 (50 73)
2.891 mv 4 5 (49 73)
2.891 mv 4 5 (48 73)
2.891 mv 4 5 (48 74)
2.906 mv 3 5 (47 74)
2.906 mv 3 5 (46 74)
2.906 mv 3 5 (45 74)
2.906 mv 3 5 (44 74)
2.922 mv 3 5 (43 74)
2.922 mv 3 5 (42 74)
2.938 mv 3 5 (41 74)
2.953 mv 3 5 (40 74)
2.969 lc 3 5 (40 74)
Cell pressed 3 5
3.031 mv 3 5 (40 73)
3.047 mv 3 5 (40 72)
3.047 lr 3 5 (40 72)
Cell opened (Number 2) 3 5
3.047 Solved 3BV: 14 of 34
3.047 mv 3 5 (40 72)
3.047 mv 3 5 (40 71)
3.063 mv 3 5 (40 70)
3.063 mv 3 5 (41 70)
3.063 mv 3 5 (41 69)
3.078 mv 3 5 (41 68)
3.078 mv 3 5 (42 67)
3.094 mv 3 5 (42 66)
3.110 mv 3 5 (42 65)
3.125 mv 3 5 (42 64)
3.125 lc 3 5 (42 64)
3.141 mv 3 4 (42 63)
Cell pressed 3 4
3.141 mv 3 4 (42 62)
3.156 mv 3 4 (42 61)
3.172 mv 3 4 (42 60)
3.188 mv 3 4 (42 59)
3.188 mv 3 4 (42 58)
3.203 mv 3 4 (42 57)
3.203 lr 3 4 (42 57)
Cell opened (Number 1) 3 4
3.203 Solved 3BV: 15 of 34
3.203 mv 3 4 (42 57)
3.219 mv 3 4 (42 56)
3.219 mv 3 4 (42 55)
3.219 mv 3 4 (42 54)
3.235 mv 3 4 (42 52)
3.250 mv 3 4 (42 51)
3.250 mv 3 4 (42 50)
3.250 mv 3 4 (41 50)
3.266 mv 3 4 (41 49)
3.266 mv 3 4 (41 48)
3.281 lc 3 4 (41 48)
3.281 mv 3 3 (41 47)
Cell pressed 3 3
3.297 mv 3 3 (41 46)
3.313 mv 3 3 (41 45)
3.328 mv 3 3 (41 44)
3.344 mv 3 3 (41 43)
3.344 mv 3 3 (41 42)
3.344 mv 3 3 (41 41)
3.360 mv 3 3 (41 40)
3.360 lr 3 3 (42 40)
Cell opened (Number 1) 3 3
3.360 Solved 3BV: 16 of 34
3.360 mv 3 3 (42 40)
3.360 mv 3 3 (42 39)
3.375 mv 3 3 (42 38)
3.438 lc 3 3 (42 38)
3.469 mv 3 3 (41 38)
3.485 mv 3 3 (40 38)
3.485 mv 3 3 (39 38)
3.500 mv 3 3 (35 38)
3.500 mv 3 3 (34 38)
3.500 mv 3 3 (33 38)
3.500 mv 3 3 (32 38)
3.516 mv 3 3 (32 39)
3.516 mv 2 3 (31 39)
Cell pressed 2 3
3.516 mv 2 3 (30 39)
3.516 mv 2 3 (29 39)
3.531 mv 2 3 (28 39)
3.531 mv 2 3 (28 40)
3.531 mv 2 3 (27 40)
3.531 lr 2 3 (27 40)
Cell opened (Number 2) 2 3
3.531 Solved 3BV: 17 of 34
3.531 mv 2 3 (27 40)
3.531 mv 2 3 (26 41)
3.578 mv 2 3 (25 42)
3.578 lc 2 3 (25 42)
3.594 mv 2 3 (25 43)
3.594 mv 2 3 (24 43)
3.610 mv 2 3 (24 44)
3.610 mv 2 3 (24 45)
3.625 mv 2 3 (24 46)
3.625 mv 2 3 (24 47)
3.625 mv 2 4 (24 48)
Cell pressed 2 4
3.641 mv 2 4 (24 49)
3.641 mv 2 4 (24 50)
3.656 mv 2 4 (24 51)
3.656 mv 2 4 (24 52)
3.656 mv 2 4 (24 53)
3.672 lr 2 4 (24 53)
Cell opened (Number 1) 2 4
3.672 Solved 3BV: 18 of 34
3.672 mv 2 4 (24 54)
3.688 mv 2 4 (24 55)
3.688 mv 2 4 (24 56)
3.703 mv 2 4 (24 57)
3.703 mv 2 4 (24 58)
3.719 mv 2 4 (25 58)
3.719 mv 2 4 (25 59)
3.719 mv 2 4 (25 60)
3.735 lc 2 4 (25 60)
3.735 mv 2 4 (25 61)
3.750 mv 2 4 (25 62)
3.828 mv 2 4 (24 62)
3.828 lr 2 4 (24 62)
3.828 mv 2 4 (24 62)
3.828 mv 2 4 (24 63)
3.860 mv 2 5 (24 64)
3.875 lc 2 5 (24 64)
Cell pressed 2 5
3.891 mv 2 5 (24 65)
3.906 mv 2 5 (25 65)
4.000 lr 2 5 (25 65)
Cell opened (Number 2) 2 5
4.000 Solved 3BV: 19 of 34
4.000 mv 2 5 (25 65)
4.016 mv 2 5 (24 65)
4.063 mv 2 5 (24 64)
4.063 mv 2 4 (24 63)
4.078 mv 2 4 (23 63)
4.078 mv 2 4 (23 62)
4.078 mv 2 4 (23 61)
4.078 mv 2 4 (23 60)
4.078 mv 2 4 (23 59)
4.094 mv 2 4 (23 58)
4.094 mv 2 4 (23 57)
4.094 mv 2 4 (23 56)
4.094 mv 2 4 (23 55)
4.094 mv 2 4 (23 54)
4.094 mv 2 4 (23 53)
4.110 mv 2 4 (23 52)
4.110 mv 2 4 (23 51)
4.110 mv 2 4 (24 50)
4.110 mv 2 4 (24 49)
4.110 mv 2 4 (24 48)
4.110 mv 2 3 (24 47)
4.125 mv 2 3 (24 46)
4.125 mv 2 3 (24 45)
4.125 mv 2 3 (24 43)
4.125 mv 2 3 (25 42)
4.125 mv 2 3 (25 41)
4.125 mv 2 3 (25 40)
4.141 mv 2 3 (25 39)
4.141 mv 2 3 (26 34)
4.141 mv 2 3 (26 33)
4.141 mv 2 3 (26 32)
4.156 mv 2 3 (27 32)
4.156 mv 2 2 (27 31)
4.156 mv 2 2 (27 30)
4.156 mv 2 2 (27 29)
4.156 mv 2 2 (27 28)
4.156 mv 2 2 (27 27)
4.156 mv 2 2 (27 26)
4.156 mv 2 2 (27 25)
4.172 mv 2 2 (27 24)
4.172 mv 2 2 (27 23)
4.172 mv 2 2 (26 22)
4.172 mv 2 2 (26 21)
4.172 mv 2 2 (26 20)
4.172 mv 2 2 (26 19)
4.188 mv 2 2 (25 19)
4.188 mv 2 2 (25 18)
4.188 mv 2 2 (24 17)
4.203 mv 2 2 (24 16)
4.203 mv 2 2 (23 16)
4.219 lc 2 2 (23 16)
Cell pressed 2 2
4.313 mv 2 2 (22 17)
4.313 mv 2 2 (21 17)
4.328 mv 2 2 (20 17)
4.328 lr 2 2 (20 17)
Cell opened (Number 2) 2 2
4.328 Solved 3BV: 20 of 34
4.328 mv 2 2 (20 17)
4.328 mv 2 2 (19 17)
4.344 mv 2 2 (19 18)
4.344 mv 2 2 (18 18)
4.344 mv 2 2 (17 18)
4.344 mv 2 2 (17 19)
4.360 mv 2 2 (16 19)
4.360 mv 1 2 (15 20)
4.375 mv 1 2 (14 20)
4.391 lc 1 2 (14 20)
Cell pressed 1 2
4.391 mv 1 2 (13 20)
4.422 mv 1 2 (12 20)
4.453 mv 1 2 (11 20)
4.469 mv 1 2 (10 20)
4.469 lr 1 2 (10 20)
Cell opened (Number 1) 1 2
4.469 Solved 3BV: 21 of 34
4.469 mv 1 2 (10 20)
4.485 mv 1 2 (9 20)
4.485 mv 1 2 (9 19)
4.485 mv 1 2 (8 19)
4.500 mv 1 2 (8 18)
4.516 mv 1 2 (7 18)
4.516 mv 1 2 (7 17)
4.531 mv 1 2 (7 16)
4.531 mv 1 2 (6 16)
4.531 mv 1 1 (6 15)
4.563 lc 1 1 (6 15)
Cell pressed 1 1
4.563 mv 1 1 (6 14)
4.578 mv 1 1 (6 13)
4.594 mv 1 1 (6 11)
4.610 mv 1 1 (6 10)
4.610 mv 1 1 (6 9)
4.625 mv 1 1 (6 8)
4.625 mv 1 1 (6 7)
4.641 mv 1 1 (6 6)
4.641 lr 1 1 (6 6)
Cell opened (Number 1) 1 1
4.641 Solved 3BV: 22 of 34
4.641 mv 1 1 (6 6)
4.641 mv 1 1 (7 5)
4.672 mv 1 1 (8 5)
4.672 mv 1 1 (8 4)
4.703 lc 1 1 (8 4)
4.781 mv 1 1 (9 4)
4.797 mv 1 1 (10 4)
4.797 lr 1 1 (10 4)
4.797 mv 1 1 (10 4)
4.797 mv 1 1 (11 4)
4.813 mv 1 1 (12 4)
4.813 mv 1 1 (13 4)
4.813 mv 1 1 (13 3)
4.828 mv 1 1 (14 3)
4.828 mv 1 1 (15 3)
4.828 mv 2 1 (16 3)
4.828 mv 2 1 (17 3)
4.844 mv 2 1 (18 3)
4.844 mv 2 1 (19 3)
4.844 mv 2 1 (20 3)
4.844 mv 2 1 (21 3)
4.844 mv 2 1 (22 3)
4.860 mv 2 1 (23 3)
4.860 mv 2 1 (24 3)
4.860 mv 2 1 (25 3)
4.860 mv 2 1 (25 4)
4.860 mv 2 1 (26 4)
4.875 mv 2 1 (27 4)
4.875 mv 2 1 (28 4)
4.875 mv 2 1 (29 4)
4.875 mv 2 1 (30 4)
4.891 mv 2 1 (31 4)
4.891 mv 3 1 (32 4)
4.891 mv 3 1 (33 4)
4.891 mv 3 1 (34 4)
4.906 mv 3 1 (35 4)
4.906 mv 3 1 (36 4)
4.922 mv 3 1 (37 4)
4.922 mv 3 1 (38 4)
4.922 mv 3 1 (39 4)
4.938 mv 3 1 (40 4)
4.938 mv 3 1 (41 4)
4.938 mv 3 1 (42 4)
4.953 mv 3 1 (43 4)
4.969 mv 3 1 (44 4)
4.985 lc 3 1 (44 4)
Cell pressed 3 1
5.078 lr 3 1 (44 4)
Cell opened (Number 2) 3 1
5.078 Solved 3BV: 23 of 34
5.078 mv 3 1 (44 4)
5.110 mv 3 1 (43 5)
5.125 mv 3 1 (42 5)
5.125 mv 3 1 (41 5)
5.125 mv 3 1 (41 6)
5.125 mv 3 1 (40 6)
5.125 mv 3 1 (40 7)
5.141 mv 3 1 (39 7)
5.141 mv 3 1 (39 8)
5.141 mv 3 1 (38 8)
5.141 mv 3 1 (38 9)
5.141 mv 3 1 (38 10)
5.141 mv 3 1 (37 10)
5.141 mv 3 1 (37 11)
5.156 mv 3 1 (36 12)
5.156 mv 3 1 (36 13)
5.156 mv 3 1 (35 13)
5.156 mv 3 1 (35 14)
5.156 mv 3 1 (34 15)
5.156 mv 3 2 (34 16)
5.156 mv 3 2 (33 17)
5.156 mv 3 2 (33 18)
5.172 mv 3 2 (32 19)
5.172 mv 2 2 (31 20)
5.172 mv 2 2 (31 21)
5.172 mv 2 2 (30 22)
5.172 mv 2 2 (29 23)
5.172 mv 2 2 (28 24)
5.172 mv 2 2 (28 25)
5.172 mv 2 2 (27 25)
5.188 mv 2 2 (23 29)
5.188 mv 2 2 (22 30)
5.203 mv 2 2 (21 31)
5.203 mv 2 2 (20 31)
5.203 mv 2 3 (20 32)
5.203 mv 2 3 (19 32)
5.203 mv 2 3 (19 33)
5.219 mv 2 3 (18 33)
5.219 mv 2 3 (18 34)
5.219 mv 2 3 (17 34)
5.219 mv 2 3 (17 35)
5.235 mv 2 3 (16 35)
5.250 mv 2 3 (16 36)
5.250 mv 1 3 (15 36)
5.266 mv 1 3 (15 37)
5.266 mv 1 3 (14 37)
5.281 lc 1 3 (14 37)
Cell pressed 1 3
5.375 lr 1 3 (14 37)
Cell opened (Number 1) 1 3
5.375 Solved 3BV: 24 of 34
5.391 mv 1 3 (14 38)
5.406 mv 1 3 (13 38)
5.422 mv 1 3 (13 39)
5.453 mv 1 3 (13 40)
5.453 mv 1 3 (13 41)
5.469 mv 1 3 (13 42)
5.469 mv 1 3 (13 43)
5.485 mv 1 3 (13 44)
5.500 mv 1 3 (13 46)
5.500 mv 1 3 (13 47)
5.500 mv 1 4 (13 48)
5.516 mv 1 4 (13 49)
5.516 mv 1 4 (13 50)
5.516 mv 1 4 (13 51)
5.516 mv 1 4 (12 52)
5.516 mv 1 4 (12 53)
5.516 mv 1 4 (12 54)
5.531 mv 1 4 (12 55)
5.531 mv 1 4 (12 56)
5.531 mv 1 4 (12 57)
5.531 mv 1 4 (12 58)
5.531 mv 1 4 (12 59)
5.547 mv 1 4 (12 60)
5.547 mv 1 4 (12 61)
5.547 mv 1 4 (12 62)
5.547 mv 1 4 (12 63)
5.547 mv 1 5 (12 64)
5.563 mv 1 5 (12 65)
5.563 mv 1 5 (12 66)
5.594 mv 1 5 (11 66)
5.625 mv 1 5 (11 67)
5.625 mv 1 5 (10 67)
5.625 mv 1 5 (10 68)
5.641 mv 1 5 (10 69)
5.641 mv 1 5 (9 69)
5.656 mv 1 5 (9 70)
5.656 lc 1 5 (9 70)
Cell pressed 1 5
5.672 mv 1 5 (9 71)
5.688 mv 1 5 (9 72)
5.688 mv 1 5 (8 72)
5.719 mv 1 5 (8 73)
5.735 mv 1 5 (8 74)
5.735 mv 1 5 (7 74)
5.750 lr 1 5 (7 74)
Cell opened (Number 2) 1 5
5.750 Solved 3BV: 25 of 34
5.750 mv 1 5 (7 74)
5.750 mv 1 5 (7 75)
5.750 mv 1 5 (7 76)
5.766 mv 1 5 (7 77)
5.766 mv 1 5 (6 77)
5.766 mv 1 5 (6 78)
5.781 mv 1 5 (6 79)
5.797 mv 1 6 (6 80)
5.797 mv 1 6 (6 81)
5.797 mv 1 6 (5 82)
5.797 lc 1 6 (5 82)
Cell pressed 1 6
5.813 mv 1 6 (5 83)
5.813 mv 1 6 (5 84)
5.828 mv 1 6 (5 85)
5.828 mv 1 6 (5 86)
5.844 mv 1 6 (5 87)
5.875 mv 1 6 (4 87)
5.891 mv 1 6 (4 88)
5.891 lr 1 6 (4 88)
Cell opened (Number 1) 1 6
5.891 Solved 3BV: 26 of 34
5.891 mv 1 6 (4 88)
5.891 mv 1 6 (4 89)
5.906 mv 1 6 (4 90)
5.906 mv 1 6 (3 90)
5.906 mv 1 6 (3 91)
5.922 mv 1 6 (3 92)
5.938 mv 1 6 (3 93)
5.938 mv 1 6 (3 94)
5.938 mv 1 6 (3 95)
5.953 mv 1 7 (3 96)
5.953 lc 1 7 (3 96)
Cell pressed 1 7
5.969 mv 1 7 (3 97)
6.047 lr 1 7 (3 97)
Cell opened (Number 2) 1 7
6.047 Solved 3BV: 27 of 34
6.047 mv 1 7 (3 97)
6.094 lc 1 7 (3 97)
6.203 mv 1 7 (3 98)
6.203 lr 1 7 (3 98)
6.203 mv 1 7 (3 98)
6.203 mv 1 7 (4 98)
6.219 mv 1 7 (4 99)
6.219 mv 1 7 (4 100)
6.219 mv 1 7 (5 100)
6.235 mv 1 7 (5 101)
6.235 mv 1 7 (6 101)
6.235 mv 1 7 (6 102)
6.250 mv 1 7 (7 102)
6.250 mv 1 7 (8 102)
6.250 mv 1 7 (8 103)
6.250 mv 1 7 (9 103)
6.266 mv 1 7 (10 103)
6.281 mv 1 7 (11 103)
6.313 lc 1 7 (11 103)
6.375 mv 1 7 (12 103)
6.375 mv 1 7 (12 104)
6.391 mv 1 7 (13 104)
6.391 mv 1 7 (14 104)
6.406 mv 1 7 (15 104)
6.406 lr 1 7 (15 104)
6.406 mv 1 7 (15 104)
6.406 mv 2 7 (16 104)
6.406 mv 2 7 (17 104)
6.406 mv 2 7 (18 103)
6.422 mv 2 7 (19 103)
6.422 mv 2 7 (20 103)
6.422 mv 2 7 (21 102)
6.438 mv 2 7 (22 102)
6.453 mv 2 7 (23 102)
6.485 lc 2 7 (23 102)
Cell pressed 2 7
6.516 mv 2 7 (23 103)
6.547 mv 2 7 (23 104)
6.547 mv 2 7 (23 105)
6.563 mv 2 7 (23 106)
6.563 mv 2 7 (22 107)
6.563 lr 2 7 (22 107)
Cell opened (Number 2) 2 7
6.563 Solved 3BV: 28 of 34
6.563 mv 2 7 (22 107)
6.563 mv 2 7 (22 108)
6.578 mv 2 7 (22 109)
6.578 mv 2 7 (21 111)
6.578 mv 2 8 (21 112)
6.594 mv 2 8 (21 113)
6.594 mv 2 8 (21 114)
6.594 mv 2 8 (21 115)
6.594 mv 2 8 (21 116)
6.610 mv 2 8 (21 117)
6.610 mv 2 8 (20 117)
6.610 mv 2 8 (20 118)
6.625 mv 2 8 (20 119)
6.625 lc 2 8 (20 119)
Cell pressed 2 8
6.719 lr 2 8 (20 119)
Cell opened (Number 1) 2 8
6.719 Solved 3BV: 29 of 34
6.719 mv 2 8 (20 119)
6.719 mv 2 8 (20 118)
6.735 mv 2 8 (21 118)
6.750 mv 2 8 (22 118)
6.766 mv 2 8 (23 118)
6.766 lc 2 8 (23 118)
6.781 mv 2 8 (24 118)
6.781 mv 2 8 (24 117)
6.781 mv 2 8 (25 117)
6.797 mv 2 8 (26 117)
6.797 mv 2 8 (26 116)
6.797 mv 2 8 (27 116)
6.813 mv 2 8 (28 116)
6.813 mv 2 8 (29 115)
6.813 mv 2 8 (30 115)
6.813 mv 2 8 (31 115)
6.828 mv 3 8 (32 115)
Cell pressed 3 8
6.828 mv 3 8 (33 115)
6.828 mv 3 8 (33 114)
6.828 mv 3 8 (34 114)
6.828 mv 3 8 (35 114)
6.844 mv 3 8 (36 114)
6.844 mv 3 8 (37 114)
6.844 mv 3 8 (38 114)
6.844 mv 3 8 (39 113)
6.860 mv 3 8 (40 113)
6.860 mv 3 8 (40 112)
6.875 mv 3 8 (41 112)
6.875 mv 3 7 (41 111)
Cell released 3 8
Cell pressed 3 7
6.875 lr 3 7 (41 111)
Cell opened (Number 2) 3 7
6.875 Solved 3BV: 30 of 34
6.875 mv 3 7 (41 111)
6.875 mv 3 7 (41 110)
6.875 mv 3 7 (41 109)
6.891 mv 3 7 (41 108)
6.891 mv 3 7 (41 107)
6.906 mv 3 7 (41 106)
6.906 mv 3 7 (41 105)
6.922 mv 3 7 (40 105)
6.953 lc 3 7 (40 105)
6.953 mv 3 7 (40 104)
6.985 mv 3 7 (40 103)
7.000 mv 3 7 (40 102)
7.000 mv 3 7 (40 101)
7.016 mv 3 7 (40 100)
7.016 mv 3 7 (39 99)
7.016 mv 3 7 (39 98)
7.031 mv 3 7 (39 97)
7.031 mv 3 7 (39 96)
7.031 mv 3 6 (39 95)
Cell pressed 3 6
7.047 lr 3 6 (39 95)
Cell opened (Number 2) 3 6
7.047 Solved 3BV: 31 of 34
7.047 mv 3 6 (39 95)
7.047 mv 3 6 (39 94)
7.047 mv 3 6 (39 93)
7.047 mv 3 6 (39 92)
7.047 mv 3 6 (39 91)
7.063 mv 3 6 (39 90)
7.063 mv 3 6 (39 89)
7.063 mv 3 6 (39 88)
7.063 mv 3 6 (39 87)
7.078 mv 3 6 (39 86)
7.078 mv 3 6 (39 85)
7.094 mv 3 6 (39 84)
7.125 lc 3 6 (39 84)
7.172 mv 3 6 (40 84)
7.188 lr 3 6 (40 84)
7.188 mv 3 6 (40 84)
7.235 mv 3 6 (40 85)
7.235 mv 3 6 (40 86)
7.235 mv 3 6 (40 87)
7.250 mv 3 6 (40 88)
7.250 mv 3 6 (40 89)
7.250 mv 3 6 (40 90)
7.250 lc 3 6 (40 90)
7.250 mv 3 6 (41 90)
7.250 mv 3 6 (41 91)
7.250 mv 3 6 (41 92)
7.266 mv 3 6 (41 93)
7.266 mv 3 6 (41 94)
7.266 mv 3 6 (41 95)
7.266 mv 3 7 (41 96)
7.266 mv 3 7 (41 97)
7.266 mv 3 7 (41 98)
7.281 mv 3 7 (41 99)
7.281 mv 3 7 (41 100)
7.281 mv 3 7 (41 101)
7.281 mv 3 7 (41 102)
7.281 mv 3 7 (41 103)
7.281 mv 3 7 (41 104)
7.281 mv 3 7 (42 105)
7.297 mv 3 7 (42 106)
7.297 mv 3 7 (42 107)
7.297 mv 3 7 (42 108)
7.297 mv 3 7 (42 109)
7.297 mv 3 7 (42 110)
7.297 mv 3 7 (42 111)
7.297 mv 3 8 (42 112)
Cell pressed 3 8
7.313 mv 3 8 (42 113)
7.313 mv 3 8 (42 114)
7.313 mv 3 8 (42 115)
7.313 mv 3 8 (42 116)
7.313 mv 3 8 (42 117)
7.313 mv 3 8 (42 118)
7.313 mv 3 8 (42 119)
7.328 mv 3 8 (42 120)
7.328 mv 3 8 (42 121)
7.328 mv 3 8 (42 122)
7.344 mv 3 8 (41 122)
7.344 mv 3 8 (41 123)
7.375 lr 3 8 (41 123)
Cell opened (Number 1) 3 8
7.375 Solved 3BV: 32 of 34
7.375 mv 3 8 (41 123)
7.422 mv 3 8 (41 122)
7.438 mv 3 8 (41 121)
7.438 mv 3 8 (41 120)
7.453 mv 3 8 (41 119)
7.469 mv 3 8 (41 118)
7.469 mv 3 8 (41 117)
7.485 mv 3 8 (41 116)
7.485 mv 3 8 (41 115)
7.485 mv 3 8 (41 114)
7.500 mv 3 8 (41 113)
7.500 mv 3 8 (41 112)
7.500 mv 3 7 (41 111)
7.500 mv 3 7 (41 110)
7.500 mv 3 7 (41 109)
7.500 mv 3 7 (42 108)
7.500 mv 3 7 (42 107)
7.516 mv 3 7 (43 105)
7.516 mv 3 7 (43 104)
7.516 mv 3 7 (44 102)
7.516 mv 3 7 (44 101)
7.516 mv 3 7 (44 100)
7.516 mv 3 7 (45 99)
7.531 mv 3 7 (45 98)
7.531 mv 3 7 (46 97)
7.531 mv 3 7 (46 96)
7.531 mv 3 6 (47 95)
7.531 mv 3 6 (47 94)
7.531 mv 4 6 (48 93)
7.531 mv 4 6 (48 92)
7.547 mv 4 6 (48 91)
7.547 mv 4 6 (49 90)
7.547 mv 4 6 (49 89)
7.547 mv 4 6 (50 89)
7.547 mv 4 6 (50 88)
7.547 mv 4 6 (50 87)
7.547 mv 4 6 (51 86)
7.563 mv 4 6 (51 85)
7.563 mv 4 6 (52 84)
7.610 lc 4 6 (52 84)
Cell pressed 4 6
7.672 mv 4 6 (53 84)
7.672 mv 4 6 (53 85)
7.688 mv 4 6 (53 86)
7.688 mv 4 6 (53 87)
7.703 mv 4 6 (54 87)
7.703 mv 4 6 (54 88)
7.703 lr 4 6 (54 88)
Cell opened (Number 2) 4 6
7.703 Solved 3BV: 33 of 34
7.703 mv 4 6 (54 88)
7.703 mv 4 6 (54 89)
7.703 mv 4 6 (54 90)
7.703 mv 4 6 (55 90)
7.719 mv 4 6 (55 91)
7.719 mv 4 6 (55 92)
7.719 mv 4 6 (55 93)
7.735 mv 4 6 (56 94)
7.735 mv 4 6 (56 95)
7.750 mv 4 7 (56 96)
7.750 lc 4 7 (56 96)
Cell pressed 4 7
7.828 mv 4 7 (56 97)
7.844 mv 4 7 (56 98)
7.844 mv 4 7 (56 99)
7.844 lr 4 7 (56 99)
Cell opened (Number 1) 4 7
7.844 Solved 3BV: 34 of 34
Won
